t,z1,z2,rel,vrel,Fpto,Ppto,x1,x2,Tmoor
0,-0.719999999999999,-21.5,20.78,0,-7.37497126803516e-13,-0,2.56425989891439e-23,-6.87387089031566e-21,0
0.1,-0.719999806099437,-21.4999817447177,20.7799819386183,-0.000382974172182057,459.569006618466,-0.176003059870237,7.356956180805e-11,-5.78446200019129e-13,-7.61387606232122e-06
0.2,-0.719997945689929,-21.4999182706967,20.7799203250068,-0.000870281564085579,1044.33787690269,-0.908868000944687,7.34347660609692e-10,-1.16587914553023e-10,-7.63834848376264e-05
0.3,-0.719991409169914,-21.4997976454042,20.7798062362343,-0.00141943429329919,1703.32115195903,-2.41775245559252,4.6142651986804e-10,-1.19402621490384e-09,-5.18801777473048e-05
0.4,-0.719976265951537,-21.499613194032,20.7796369280804,-0.00196090383066378,2353.08459679653,-4.61417259973424,-1.2286987292784e-08,-6.39415106960587e-09,0.00124912729412169
0.5,-0.719948427422068,-21.4993644745752,20.7794160471532,-0.00244328206301629,2931.93847561954,-7.16355268734856,-7.15931186543272e-08,-2.41970387013699e-08,0.0073236709338707
0.6,-0.719904318500863,-21.499054982737,20.7791506642362,-0.00285055892614561,3420.67071137473,-9.75082342971409,-2.49503791713409e-07,-7.3230603169529e-08,0.0255618883370815
0.7,-0.719841225244792,-21.4986890910925,20.7788478658477,-0.00319573135362307,3834.87762434767,-12.2552386614354,-6.72655471198007e-07,-1.8912487844139e-07,0.0689436917462287
0.8,-0.719757306854383,-21.4982699543406,20.7785126474863,-0.00350405521088228,4204.86625305873,-14.7340835050935,-1.5388980173001e-06,-4.33327899843504e-07,0.157728646552999
0.9,-0.71965141161709,-21.4977988999038,20.7781474882867,-0.00379818891982972,4557.82670379566,-17.3114868848607,-3.13335007933626e-06,-9.03565735962653e-07,0.321081489807192
1,-0.719522869314488,-21.4972759172468,20.7777530479323,-0.00409120130625604,4909.44156750723,-20.0855137539733,-5.84370976313939e-06,-1.74542865432246e-06,0.598616843192469
1.1,-0.7193713730125,-21.4967005338282,20.7773291608157,-0.00438714183839335,5264.570206072,-23.0964162122176,-1.01746930212318e-05,-3.16443650100036e-06,1.04185216636503
1.2,-0.719196973361036,-21.4960725086583,20.7768755352972,-0.00468551465022259,5622.6175802671,-26.3448570449406,-1.6761282669512e-05,-5.43787767019774e-06,1.71553857753806
1.3,-0.71900014303332,-21.4953921116347,20.7763919686013,-0.00498582372314155,5982.98846776985,-29.8301258378893,-2.63802147693795e-05,-8.92571579661511e-06,2.69881266560867
1.4,-0.71878184965324,-21.4946600483828,20.7758781987296,-0.00529003118003416,6348.03741604097,-33.5813158628802,-3.9958941599773e-05,-1.40799026293169e-05,4.08609288050671
1.5,-0.718543593290374,-21.4938772243846,20.7753336310942,-0.00560269477545296,6723.23373054354,-37.6682264962654,-5.85812473993911e-05,-2.14515124672194e-05,5.98763731801962
1.6,-0.718287395833869,-21.4930445283404,20.7747571325065,-0.0059297234700374,7115.66816404487,-42.1939445173348,-8.34887413773932e-05,-3.1695213492e-05,8.52968437026411
1.7,-0.718015753832802,-21.4921627253988,20.774146971566,-0.00627690633321238,7532.28759985484,-47.2794637391059,-0.000116077566166452,-4.55707059674133e-05,11.8541090568305
1.8,-0.717731575106146,-21.4912324603749,20.7735008852687,-0.00664895886331909,7978.75063598289,-53.0503847593312,-0.000157889794692334,-6.39408783136958e-05,16.1175413468647
1.9,-0.717438115087461,-21.4902543209746,20.7728162058872,-0.00704926295324459,8459.11554389348,-59.6305298207837,-0.000210599120675871,-8.7766551199711e-05,21.489906022094
2,-0.717138919184478,-21.4892289060155,20.7720899868311,-0.00748008349845625,8976.10019814748,-67.1419789726528,-0.000275990576135053,-0.000118097789505323,28.152356488918
2.1,-0.716837769356047,-21.4881568658015,20.7713190964455,-0.0079429279567318,9531.51354807814,-75.7081254309978,-0.000355934145065497,-0.00015606185679387,36.2945886531606
2.2,-0.716538629810827,-21.4870389089599,20.7705002791491,-0.00843880405191548,10126.5648622985,-85.4560965919499,-0.000452352299902394,-0.000202847964297739,46.1115369657164
2.3,-0.71624558772594,-21.4858757876317,20.7696301999058,-0.00896829201781476,10761.9504213777,-96.5163140601598,-0.000567181674875816,-0.000259689027179871,57.7994738986347
2.4,-0.715962787856331,-21.4846682772252,20.7687054893689,-0.00953147499931614,11437.7699991793,-109.018818795106,-0.00070232930830492,-0.000327840688734764,71.5515564454431
2.5,-0.71569436262331,-21.4834171619791,20.7677227993558,-0.0101278216150055,12153.3859380066,-123.087324798448,-0.000859624127626408,-0.000408557913947629,87.5528880649242
2.6,-0.715444360604042,-21.4821232297365,20.7666788691324,-0.0107560997748337,12907.3197298004,-138.832418839413,-0.0010407646056648,-0.000503069493888254,105.975190671759
2.7,-0.715216676305999,-21.4807872734641,20.7655705971581,-0.0114143567306648,13697.2280767978,-156.345047489848,-0.00124726377157418,-0.000612550847706173,126.971207488936
2.8,-0.715014983340843,-21.4794100949382,20.7643951115974,-0.0120999601204272,14519.9521445126,-175.690841899113,-0.00148039300154521,-0.000738095563837739,150.668982409622
2.9,-0.714842672289926,-21.4779925069466,20.7631498346566,-0.0128096748361132,15371.6098033358,-196.905323288341,-0.00174112622877626,-0.000880686188328987,177.166183513828
3,-0.71470279406217,-21.4765353325479,20.7618325384857,-0.013539750665607,16247.7007987283,-219.989817704165,-0.00203008638464928,-0.0010411648448892,206.524656028258
3.1,-0.714598009422907,-21.4750394018253,20.7604413924024,-0.0142860065800614,17143.2078960737,-244.90798080667,-0.00234749599823795,-0.00122020435429799,238.765401737923
3.2,-0.714530545452131,-21.4735055474519,20.7589750019997,-0.0150439092739337,18052.6911287204,-271.583047490818,-0.00269313392405004,-0.00141828060306323,273.864186111617
3.3,-0.714502159768863,-21.4719346003035,20.7574324405346,-0.0158086502615008,18970.3803138009,-299.896107708537,-0.00306630012455606,-0.00163564698334506,311.747969801711
3.4,-0.714514113308891,-21.470327385785,20.7558132724761,-0.0165752265771665,19890.2718925997,-329.685763301287,-0.00346579029394671,-0.00187231177713141,352.292346653198
3.5,-0.714567152240839,-21.4686847209512,20.7541175687103,-0.0173385271422627,20806.2325707152,-360.749428155575,-0.0038898818667673,-0.00212801937598898,395.320145322402
3.6,-0.714661499297314,-21.467007412182,20.7523459128847,-0.0180934231015141,21712.1077218169,-392.846351436484,-0.00433633260972214,-0.0024022362026865,440.601316097497
3.7,-0.714796854451084,-21.4652962531369,20.7504993986858,-0.0188348579217144,22601.8295060572,-425.702247517399,-0.00480239255409245,-0.00269414212389919,487.854179276106
3.8,-0.714972404533547,-21.4635520228522,20.7485796183187,-0.0195579323845843,23469.5188615011,-459.015262991962,-0.00528482950422111,-0.00300262800861967,536.74805797947
3.9,-0.715186841101819,-21.4617754840137,20.7465886429119,-0.0202579803436086,24309.5764123303,-492.462921122438,-0.00577996777581847,-0.00332629989364951,586.90725877864
4,-0.715438385614767,-21.4599673815429,20.7445289959281,-0.0209306324234274,25116.7589081128,-525.709648373554,-0.006283739204175,-0.00366348996942373,637.916300826758
4.1,-0.715724820776483,-21.4581284416492,20.7424036208727,-0.0215718660570025,25886.2392684029,-558.414486217507,-0.00679174484948297,-0.00401227430547001,689.326231689007
4.2,-0.716043526744443,-21.4562593714559,20.7402158447114,-0.0221780411014059,26613.649321687,-590.238608514777,-0.00729932525034042,-0.00437049690914815,740.661809415642
4.3,-0.716391520785528,-21.4543608592396,20.7379693384541,-0.0227459207974542,27295.104956945,-620.852295508871,-0.00780163657413853,-0.00473579937250633,791.429279387281
4.4,-0.716765498904042,-21.4524335752677,20.7356680763637,-0.0232726782377858,27927.2138853429,-649.941062831411,-0.00829372961996452,-0.00510565503201379,841.124434692653
4.5,-0.717161877971421,-21.4504781731874,20.733316295216,-0.023755888956078,28507.0667472936,-677.210712112211,-0.0087706283773985,-0.00547740626832387,889.240623474373
4.6,-0.717576836963747,-21.4484952919064,20.7309184549426,-0.0241935108138271,29032.2129765924,-702.391158598521,-0.00922740475811561,-0.00584830333191508,935.276358321109
4.7,-0.71800635605921,-21.446485557905,20.7284792018458,-0.024583853001845,29500.623602214,-725.238994099588,-0.00965924621274755,-0.00621554291746533,978.742193019148
4.8,-0.718446252558238,-21.4444495879142,20.726003335356,-0.0249255365964911,29910.6439157892,-745.538849547618,-0.0100615132287637,-0.00657630464342447,1019.16656135522
4.9,-0.718892212853117,-21.4423879918896,20.7234957790365,-0.0252174496187719,30260.9395425262,-763.103718330357,-0.0104297841704081,-0.00692778363629474,1056.10032055793
5,-0.719339819977204,-21.4403013761991,20.7209615562219,-0.0254586998723572,30550.4398468286,-777.774479028913,-0.0107598855513283,-0.0072672175775561,1089.11980654119
5.1,-0.719784576590399,-21.438190346936,20.7184057703456,-0.025648568957813,30778.2827493755,-789.418907500422,-0.0110479065954604,-0.00759190684309018,1117.8282863805
5.2,-0.720221923589911,-21.4360555132606,20.7158335896706,-0.0257864707778367,30943.764933404,-797.930490211469,-0.0112901978030139,-0.00789922674022015,1141.85578140943
5.3,-0.720647254855809,-21.4338974906755,20.7132502358197,-0.0258719175797778,31046.3010957333,-803.227343105779,-0.0114833541491399,-0.00818663130792411,1160.85732717116
5.4,-0.721055928932078,-21.431716904148,20.7106609752159,-0.0259044961494925,31085.395379391,-805.251504910886,-0.0116241844510648,-0.00845164866605621,1174.50982888873
5.5,-0.721443278689595,-21.4295143910003,20.7080711123107,-0.0258838561976007,31060.6274371208,-803.968813989684,-0.0117096692912101,-0.0086918684484686,1182.5077576353
5.6,-0.721804620203226,-21.4272906035081,20.7054859833048,-0.0258097122905217,30971.654748626,-799.369498223408,-0.011736910626749,-0.0089049223979763,1184.55800767279
5.7,-0.722135262189784,-21.4250462111617,20.7029109489719,-0.0256818599041612,30818.2318849933,-791.469513764352,-0.0117030768029117,-0.00908845970196413,1180.37429469449
5.8,-0.722430517389224,-21.4227819025659,20.7003513851767,-0.0255002053541151,30600.2464249381,-780.31256772245,-0.0116053470791857,-0.00924011907109763,1169.67151402039
5.9,-0.722685717224213,-21.4204983869708,20.6978126697465,-0.0252648085247229,30317.7702296674,-765.972659749092,-0.0114408599464905,-0.0093574998788271,1152.16049435775
6,-0.722896230944169,-21.4181963954477,20.6953001645035,-0.0249759365249267,29971.123829912,-748.5568863566,-0.011206669444684,-0.00943813486109236,1127.5435750963
6.1,-0.723057490254025,-21.4158766817422,20.6928191914882,-0.024634125685621,29560.9508227452,-728.208177953966,-0.010899713382912,-0.00947946690696312,1095.51140325872
6.2,-0.723165020154692,-21.41354002285,20.6903750026953,-0.024240248720401,29088.2984644811,-705.107589632281,-0.0105167968343612,-0.00947883234468038,1055.74129164269
6.3,-0.723214476394329,-21.41118721938,20.6879727429857,-0.0237955834317133,28554.7001180559,-679.475749026752,-0.0100545935495783,-0.00943345284696085,1007.89740522604
6.4,-0.723201689562899,-21.4088190957741,20.6856174062112,-0.0233018790807872,27962.2548969446,-651.573082434754,-0.00950966704820321,-0.00934043765826222,951.632952613158
6.5,-0.723122715474823,-21.406436500464,20.6833137849892,-0.0227614164659624,27313.6997591548,-621.69849544438,-0.00887851215650481,-0.0091967973085056,886.594458160006
6.6,-0.722973891094732,-21.4040403060429,20.6810664149482,-0.0221770578735999,26612.4694483198,-590.186275114795,-0.00815761671226523,-0.00899946935428889,812.428084005297
6.7,-0.722751894888788,-21.4016314095311,20.6788795146423,-0.0215522833722197,25862.7400466636,-557.401102267749,-0.00734354211644142,-0.00874535601777138,728.78786535843
6.8,-0.722453810145847,-21.3992107328038,20.6767569226579,-0.0208912103981813,25069.4524778175,-523.731206281292,-0.00643302042837402,-0.00843137291649428,635.34562270136
6.9,-0.7220771895268,-21.3967792232403,20.6747020337135,-0.020198594206436,24238.3130477231,-489.579849499521,-0.00542306482890235,-0.00805450743626781,531.802226188217
7,-0.721620118878949,-21.394337854638,20.6727177357591,-0.0194798075024565,23375.7690029477,-455.355480399312,-0.00431108955637564,-0.00761188473327544,417.899814788164
7.1,-0.721081278207233,-21.3918876284156,20.6708063502083,-0.0187407983966861,22488.9580760233,-421.461029454278,-0.00309503488662457,-0.00710083889479995,293.434518867965
7.2,-0.720459997632119,-21.389429575112,20.6689695774799,-0.0179880266936138,21585.6320323365,-388.282925196192,-0.0017734923999835,-0.00651898646685055,158.269201994899
7.3,-0.719756306188547,-21.3869647561646,20.6672084499761,-0.0172283794063641,20674.0552876368,-356.180468363554,-0.000345825664489427,-0.00586429938836064,12.3457265401129
7.4,-0.718970971432121,-21.384494265929,20.6655232944968,-0.016469067238501,19762.8806862011,-325.476210847519,0.00118771843955842,-0.00513517436189742,-144.303742258155
7.5,-0.71810552801286,-21.3820192338822,20.6639137058693,-0.0157175045646436,18861.0054775723,-296.447939687512,0.00282591223715811,-0.00433049583562219,-311.546849270846
7.6,-0.71716229364819,-21.3795408269321,20.6623785332839,-0.0149811761417298,17977.4113700757,-269.32276630744,0.00456646763865278,-0.00344969005615437,-489.142987786159
7.7,-0.716144371264999,-21.3770602517386,20.6609158804736,-0.0142674943693484,17120.9932432181,-244.273674695266,0.00640597779751097,-0.00249276805401958,-676.737409887116
7.8,-0.715055636473902,-21.3745787569389,20.659523120465,-0.0135836513716074,16300.3816459288,-221.418701502444,0.00833988274723083,-0.00146035591303827,-873.857783098416
7.9,-0.713900709974485,-21.3720976351605,20.658196925186,-0.0129364704805503,15523.7645766603,-200.822722192979,0.0103624609303005,-0.000353711219002417,-1079.91338741954
8,-0.712684914952934,-21.3696182246983,20.6569333097453,-0.0123322618528987,14798.7142234784,-182.501618890153,0.0124668477016464,0.000825274853078274,-1294.1970625072
8.1,-0.711414220007612,-21.3671419107354,20.6557276907278,-0.0117766869428019,14132.0243313623,-166.428426418514,0.0146450810456159,0.00207408980260999,-1515.88992906961
8.2,-0.710095168607634,-21.3646701259873,20.6545749573797,-0.0112746363821349,13529.5636585618,-152.540910659231,0.016888173913831,0.003389625897106,-1744.06882394942
8.3,-0.708734796538469,-21.3622043506608,20.6534695541223,-0.0108301254890573,12996.1505868687,-140.749941730473,0.0191862117908009,0.00476821912789714,-1977.71630686294
8.4,-0.707340539200064,-21.3597461116338,20.6524055724337,-0.0104462111409266,12535.4533691119,-130.947992640982,0.0215284733399266,0.00620569969015517,-2215.73301983498
8.5,-0.70592013098322,-21.3572969807759,20.6513768497927,-0.0101249331187319,12149.9197424783,-123.017124790553,0.0239035712858118,0.00769745236384688,-2456.95210917338
8.6,-0.70448149924302,-21.3548585723571,20.6503770731141,-0.00986728227043598,11840.7387245231,-116.835911285352,0.0262996100588277,0.00923848496932465,-2700.15535532039
8.7,-0.703032655602154,-21.3524325395102,20.649399883908,-0.00967319696778972,11607.8363613476,-112.284887493187,0.028704356173535,0.0108235029433765,-2944.09059903666
8.8,-0.701581587441165,-21.350020569746,20.6484389823049,-0.00954158836806566,11449.9060416788,-109.250290302727,0.0311054168440302,0.0124469880162985,-3187.49000420322
8.9,-0.700136152457791,-21.3476243795431,20.6474882270853,-0.009470393966694,11364.4727600328,-107.626034261273,0.0334904219694762,0.0141032789531259,-3429.08865944223
9,-0.698703979099253,-21.3452457080654,20.6465417289661,-0.00945665787248118,11347.9894469774,-107.314053740592,0.035847204368352,0.0157866523378821,-3667.64299448846
9.1,-0.697292375486978,-21.3428863100885,20.6455939346016,-0.0094966351926819,11395.9622312183,-108.223295979461,0.038163973020122,0.0174914014163896,-3901.94847486985
9.2,-0.695908249165889,-21.3405479482408,20.644639699075,-0.00958591692409245,11503.1003089109,-110.267763930722,0.0404294741103082,0.0192119110631618,-4130.85604229527
9.3,-0.69455803962575,-21.3382323846879,20.6436743450622,-0.00971957085530414,11663.4850263649,-113.364069133533,0.0426331348921068,0.0209427269994005,-4353.28679055764
9.4,-0.693247665073152,-21.3359413724102,20.642693707337,-0.00989229324266362,11870.7518911963,-117.428958718618,0.0447651857952203,0.0226786174668305,-4568.24440984753
9.5,-0.691982484394448,-21.3336766462351,20.6416941618406,-0.0100985654756677,12118.2785708012,-122.377229599616,0.046816756845338,0.024414625666767,-4774.82499764402
9.6,-0.690767274664186,-21.3314399137946,20.6406726391304,-0.010332809639931,12399.3715679172,-128.120346066062,0.0487799453112573,0.0261461114208815,-4972.22392233831
9.7,-0.68960622394545,-21.3292328465816,20.6396266226361,-0.0105895368535461,12707.4442242552,-134.565948927132,0.0506478525636812,0.0278687807175515,-5159.73953564751
9.8,-0.688502938525517,-21.3270570712716,20.6385541327461,-0.0108634825207791,13036.1790249349,-141.618302975127,0.0524145893871527,0.029578702093007,-5336.77365924974
9.9,-0.687460463163628,-21.3249141614677,20.6374536983041,-0.0111497232265386,13379.6678718463,-149.179593634097,0.0540752503934747,0.0312723091736269,-5502.82891564379
10,-0.686481312427837,-21.3228056300057,20.6363243175779,-0.0114437708796288,13732.5250555546,-157.151870334528,0.0556258596821353,0.0329463891816548,-5657.50312685729
10.1,-0.68556751079451,-21.3207329219353,20.6351654111407,-0.0117416408769793,14089.9690523751,-165.439356580741,0.0570632914043644,0.0345980577784395,-5800.48115939497
10.2,-0.684720638903517,-21.3186974082612,20.6339767693577,-0.0120398924591853,14447.8709510224,-173.950812514497,0.0583851703221167,0.0362247212721737,-5931.5247404097
10.3,-0.683941883226328,-21.3167003805002,20.6327584972738,-0.0123356409945423,14802.7691934507,-182.601646495477,0.0595897587119482,0.0378240279230859,-6050.46089825203
10.4,-0.683232086426074,-21.3147430460701,20.631510959644,-0.01262654358148,15151.852297776,-191.315523378017,0.0606758369443131,0.0393938107974276,-6157.16977983825
10.5,-0.682591795875709,-21.3128265244984,20.6302347286227,-0.0129107610012843,15492.9132015411,-200.02529955874,0.0616425856743855,0.0409320253007062,-6251.57265777869
10.6,-0.682021308146201,-21.3109518444007,20.6289305362545,-0.0131869005789047,15824.2806946856,-208.6732162535,0.0624894777280613,0.042436685101036,-6333.62095348808
10.7,-0.681520707768467,-21.3091199411525,20.627599233384,-0.0134539458121255,16144.7349745505,-217.210389498729,0.063216187395681,0.0439058005726747,-6403.28706245951
10.8,-0.681089899183661,-21.3073316551554,20.6262417559718,-0.0137111796062242,16453.415527469,-225.595735432965,0.0638225239258381,0.0453373240877278,-6460.55767155498
10.9,-0.680728631492048,-21.3055877305807,20.6248590990886,-0.0139581085133551,16749.7302160261,-233.794551924714,0.0643083945485974,0.0467291064092287,-6505.43010635723
11,-0.680436516347697,-21.3038888144666,20.6234522981189,-0.0141943954547908,17033.2745457489,-241.777034792381,0.064673800398361,0.0480788680547857,-6537.91204432491
11.1,-0.680213040074932,-21.3022354560492,20.6220224159742,-0.0144198079588092,17303.769550571,-249.517033882725,0.0649188663401896,0.0493841887906351,-6558.02468596397
11.2,-0.680057571750584,-21.3006281062142,20.6205705344636,-0.014634187969348,17561.0255632175,-256.99134902665,0.0650439030580555,0.0506425173900451,-6565.80920479853
11.3,-0.679969369551703,-21.2990671169824,20.6190977474307,-0.0148374477988433,17804.9373586119,-264.179828620078,0.065049497002013,0.051851202483923,-6561.33601438687
11.4,-0.67994758806277,-21.2975527409651,20.6176051529023,-0.0150295948787539,18035.5138545047,-271.066466663359,0.0649366211016953,0.0530075438095815,-6544.71611632572
11.5,-0.679991289429314,-21.2960851307655,20.6160938413361,-0.0152107857048324,18252.9428457989,-277.641602110001,0.0647067567375826,0.0541088615163683,-6516.11354778474
11.6,-0.680099461206975,-21.2946643383379,20.6145648771309,-0.0153814069144888,18457.6882973865,-283.9052144029,0.0643620155203183,0.0551525795262464,-6475.75775116013
11.7,-0.680271043469322,-21.2932903143596,20.6130192708903,-0.0155421789281431,18650.6147137716,-289.871191001296,0.0639052481473635,0.0561363174000273,-6423.95456078531
11.8,-0.680504967206719,-21.2919629077083,20.6114579405016,-0.0156942752078132,18833.1302493758,-295.572329158296,0.0633401271395339,0.0570579838581008,-6361.09445786445
11.9,-0.680800205287873,-21.2906818651738,20.609881659886,-0.0158394481103473,19007.3377324168,-301.065739728463,0.0626711907157408,0.0579158641757843,-6287.65679573407
12,-0.68115583630129,-21.2894468315598,20.6082909952585,-0.0159801507069574,19176.1808483488,-306.438259940484,0.0619038364930327,0.0587086932297924,-6204.20884807534
12.1,-0.681571120496642,-21.2882573503472,20.6066862298505,-0.0161196429509997,19343.5715411996,-311.811466641258,0.0610442560848024,0.0594357060993615,-6111.39878083108
12.2,-0.682045585870263,-21.2871128650973,20.605067279227,-0.0162620703151732,19514.4843782078,-317.345917122764,0.0600993049261927,0.0600966588728639,-6009.94198513066
12.3,-0.682579121259732,-21.2860127217612,20.6034336005015,-0.0164125035574472,19695.0042689366,-323.244327627861,0.0590763056260219,0.0606918136845492,-5900.60061718286
12.4,-0.683172072210354,-21.2849561720382,20.6017840998278,-0.0165769296318008,19892.3155581609,-329.753515221208,0.0579827876093186,0.0612218839647574,-5784.15664910985
12.5,-0.683825334432214,-21.2839423778878,20.6001170434556,-0.0167621859007007,20114.6230808409,-337.16505140358,0.0568261705023561,0.0616879383401115,-5661.37921408362
12.6,-0.684540438957409,-21.2829704172475,20.5984299782901,-0.0169758326421084,20370.9991705301,-345.814672671449,0.0556134033159476,0.0620912644315534,-5532.98749836569
12.7,-0.685319622698344,-21.2820392909461,20.5967196682478,-0.0172259622345433,20671.1546814519,-356.080529887092,0.0543505756801604,0.0624331967924156,-5399.61085894341
12.8,-0.686165878051959,-21.2811479307322,20.5949820526803,-0.0175209471654765,21025.1365985717,-368.3803074905,0.0530425208588727,0.0627149162024474,-5261.74819623735
12.9,-0.687082975521349,-21.2802952082641,20.5932122327427,-0.017869132923727,21442.9595084723,-383.167093734987,0.0516924327401325,0.0629372302686001,-5119.72885787291
13,-0.688075454046292,-21.2794799448337,20.5914044907874,-0.018278485667944,21934.1828015327,-400.923645975879,0.0503015202249239,0.0631003475622776,-4973.67746830759
13.1,-0.689148574831048,-21.27870092153,20.5895523466989,-0.018756208067294,22507.4496807527,-422.154409276348,0.0488687222616357,0.0632036591464938,-4823.48505421102
13.2,-0.690308235892285,-21.2779568894903,20.587648653598,-0.019308339653729,23170.0075844748,-447.374376220517,0.047390505122708,0.0632455421502191,-4668.78865995633
13.3,-0.691560846259677,-21.2772465798429,20.5856857335833,-0.0199393601996117,23927.232239534,-477.09370220383,0.0458607604172696,0.0632231999157146,-4508.96132441482
13.4,-0.692913160662943,-21.2765687129212,20.5836555522583,-0.0206518158715493,24782.1790458591,-511.796998550851,0.0442708179030121,0.0631325521236206,-4343.11383268671
13.5,-0.694372077534869,-21.2759220063239,20.581549928789,-0.0214459880945482,25735.1857134578,-551.916486421802,0.042609581622071,0.0629681862047309,-4170.10908740819
13.6,-0.695944405140789,-21.2753051814135,20.5793607762728,-0.0223196241347351,26783.5489616821,-597.798745819021,0.0408637915439332,0.0627233783632935,-3988.58929530949
13.7,-0.697636602501149,-21.2747169678873,20.5770803653861,-0.0232677463856418,27921.2956627701,-649.665626239856,0.0390184061244482,0.0623901888201008,-3797.01547381923
13.8,-0.699454503396087,-21.2741561061154,20.5747016027193,-0.0242825543026217,29139.065163146,-707.570932151727,0.0370570943977546,0.0619596316513869,-3593.71809192339
13.9,-0.701403033033404,-21.2736213470266,20.5722183139932,-0.0253534290180334,30424.11482164,-771.355635566945,0.0349628198361607,0.0614219151163013,-3376.95701271302
14,-0.703485927842234,-21.2731114494195,20.5696255215773,-0.0264670460899015,31760.4553078817,-840.605434469962,0.0327184926557893,0.060766743926385,-3144.98834390496
14.1,-0.705705469266391,-21.2726251746874,20.566919705421,-0.02760759683824,33129.1162058879,-914.615283819354,0.0303076628826889,0.0599836708195159,-2896.13536422029
14.2,-0.708062242340919,-21.2721612790672,20.5640990367262,-0.0287571135857391,34508.5363028868,-992.365898139718,0.0277152236230881,0.0590624813499796,-2628.86040758522
14.3,-0.71055492923805,-21.2717185036384,20.5611635744003,-0.0298958891347368,35875.0669616841,-1072.51702458777,0.024928092806222,0.0579935932525149,-2341.83447377789
14.4,-0.713180146889183,-21.2712955624147,20.5581154155255,-0.0310029762643895,37203.5715172673,-1153.42144470036,0.0219358422820474,0.0567684502829807,-2034.0014022809
14.5,-0.71593233627841,-21.2708911289751,20.5549587926967,-0.0320567491778393,38468.0990134071,-1233.16220142108,0.0187312455339097,0.0553798902112333,-1704.63369263551
14.6,-0.718803709134875,-21.270503822168,20.5517001130331,-0.0330355058814746,39642.6070577695,-1309.61357861393,0.0153107192643997,0.0538224676885396,-1353.37746456744
14.7,-0.721784255620516,-21.2701321914903,20.5483479358698,-0.0339180885907849,40701.7063089418,-1380.5240803828,0.0116746394789215,0.0520927149883716,-980.284598690186
14.8,-0.724861814321599,-21.2697747027872,20.5449128884656,-0.0346844985147379,41621.3982176854,-1443.61732466263,0.00782751908217592,0.0501893269930647,-585.83074869398
14.9,-0.728022203520499,-21.2694297249323,20.5414075214118,-0.0353164817847863,42379.7781417435,-1496.70466278617,0.00377804100730642,0.0481132610560322,-170.918626959848
15,-0.731249410459416,-21.2690955181415,20.5378461076821,-0.0357980648051539,42957.6777661846,-1537.8017325528,-0.000461051931877406,0.0458677472299042,263.133307782568
15.1,-0.734525833214065,-21.2687702245344,20.5342443913204,-0.0361160197820539,43339.2237384646,-1565.24026187725,-0.00487320239068641,0.0434582094881118,714.61593545428
15.2,-0.737832567963007,-21.268451861496,20.5306192935329,-0.0362602444608891,43512.2933530668,-1577.76639403612,-0.00943840479609857,0.040892103631039,1181.46688300318
15.3,-0.741149732939114,-21.2681383183075,20.5269885853684,-0.0362240439431605,43468.8527317924,-1574.61763151522,-0.0141336732535505,0.038178682210861,1661.31829226159
15.4,-0.744456819232976,-21.2678273564173,20.5233705371843,-0.0360043066278773,43205.1679534526,-1555.57211490505,-0.0189335879650642,0.035328700713863,2151.5526061517
15.5,-0.747733057910803,-21.2675166136037,20.5197835556929,-0.0356015705814202,42721.8846977041,-1520.96619343661,-0.0238108948515852,0.032354082141419,2649.36380966167
15.6,-0.750957792613757,-21.267203612165,20.5162458195512,-0.0350199807547915,42023.9769057497,-1471.67886247916,-0.02873713244805,0.0292675588413648,3151.82150007681
15.7,-0.75411084690321,-21.2668857711441,20.5127749242409,-0.0342671412373203,41120.5694847843,-1409.08436229415,-0.0336832610472267,0.026082310860104,3655.93525333857
15.8,-0.757172876069525,-21.2665604224745,20.509387546405,-0.0333538700025278,40024.6440030333,-1334.97677297463,-0.0386202713394009,0.0228116192099846,4158.71698280972
15.9,-0.760125693879385,-21.2662248308172,20.5060991369378,-0.032293866256638,38752.6395079655,-1251.47255736194,-0.0435197531666467,0.0194685503718925,4657.23932634178
16,-0.762952565737262,-21.2658762167524,20.5029236510151,-0.0311033024890878,37323.9629869053,-1160.89851087323,-0.0483544091486749,0.0160656852660528,5148.68851346316
16.1,-0.765638460916541,-21.265511782897,20.4998733219805,-0.0298003546469181,35760.4255763016,-1065.67336449851,-0.0530985024656881,0.0126149020871789,5630.41061866186
16.2,-0.76817025781213,-21.2651287424411,20.4969584846289,-0.0284046845592945,34085.6214711533,-968.191325895626,-0.0577282326154966,0.00912721813087512,6099.95056015247
16.3,-0.770536897522351,-21.2647243495315,20.4941874520092,-0.0269368889126847,32324.2666952216,-870.715181153178,-0.0622220371327304,0.00561269138352478,6555.08361961689
16.4,-0.772729482436841,-21.264295930889,20.4915664484522,-0.0254179288376817,30501.514605218,-775.285327676938,-0.0665608207552421,0.00208037855583083,6993.83960608253
16.5,-0.774741317854154,-21.2638409180111,20.4890996001569,-0.0238685536460618,28642.2643752741,-683.649423785917,-0.070728116112994,-0.0014616572686634,7414.52004329143
16.6,-0.776567895956525,-21.263356879301,20.4867889833444,-0.022308731582758,26770.4778993095,-597.215405797851,-0.0747101815613757,-0.00500629885770343,7815.70891147606
16.7,-0.778206822719849,-21.2628415514611,20.4846347287413,-0.0207570997500862,24908.5197001033,-517.028628042031,-0.078496042255292,-0.00854729803336976,8196.27751917096
16.8,-0.779657689536865,-21.2622928695022,20.4826351799653,-0.0192304447135037,23076.5336562044,-443.772004654946,-0.08207748004258,-0.0120791814403908,8555.38402728512
16.9,-0.780921892488436,-21.2617089947439,20.4807871022555,-0.017743224767298,21291.8697207575,-377.786430171426,-0.085448976425801,-0.0155971498099849,8892.46801489469
17,-0.782002403325475,-21.2610883402184,20.4790859368929,-0.0163071444421322,19568.5733305586,-319.107551827875,-0.0886076109634429,-0.0190969799601778,9207.24029102806
17.1,-0.782903497332889,-21.260429592933,20.4775260956001,-0.0149307915487607,17916.9498585128,-267.514243527051,-0.0915529153761223,-0.0225749362458671,9499.66795165103
17.2,-0.783630444344936,-21.259731732505,20.4761012881601,-0.0136193468074443,16343.2161689332,-222.583928953732,-0.0942866816387447,-0.02602769507613,9769.95449114331
17.3,-0.784189170264938,-21.2589940457456,20.4748048754806,-0.0123743758104375,14849.250972525,-183.750212037529,-0.0968127208177316,-0.0294522827747994,10018.5146369087
17.4,-0.784585897498815,-21.2582161368445,20.4736302393456,-0.0111937125810809,13432.455097297,-150.359041617417,-0.0991365686554211,-0.0328460238197103,10245.9435142207
17.5,-0.784826773712478,-21.2573979328919,20.4725711591794,-0.0100714431922679,12085.7318307215,-121.720761570096,-0.101265134143032,-0.0362064936964488,10452.9797884832
17.6,-0.78491749922804,-21.2565396845673,20.4716221853393,-0.00899799665844446,10797.5959901333,-97.156732638453,-0.103206288694841,-0.0395314685473532,10640.4625864886
17.7,-0.784862964128177,-21.2556419619255,20.4707789977973,-0.00796034850839323,9552.41821007185,-76.0405780500938,-0.104968396062223,-0.0428188627248603,10809.2822682418
17.8,-0.784666906680851,-21.254705645324,20.4700387386432,-0.00694234000672313,8330.80800806773,-57.835301722738,-0.106559786709248,-0.0460666454218129,10960.3254955952
17.9,-0.784331604959451,-21.2537319116499,20.4694003066904,-0.00592511289602307,7110.13547522766,-42.1283553967425,-0.107988184796475,-0.0492727287990904,11094.4155006832
18,-0.783857613450859,-21.252722216126,20.4688646026752,-0.00488765581531625,5865.18697837948,-28.6670152427936,-0.109260100867451,-0.0524348224021462,11212.2489629747
18.1,-0.783243555956314,-21.251678270102,20.4684347141457,-0.00380745431589778,4568.94517907732,-17.3960500411783,-0.110380208403494,-0.0555502519845784,11314.3314177899
18.2,-0.782485985151531,-21.250602015352,20.4681160302005,-0.00266123181069168,3193.47817283001,-8.49858570028478,-0.111350727157637,-0.0586157448746799,11400.9135956699
18.3,-0.781579317757856,-21.249495595519,20.4679162777611,-0.00142576408490287,1710.91690188342,-2.43936387095866,-0.112170840136069,-0.0616271883902342,11471.9314843239
18.4,-0.780515852382738,-21.2483613254455,20.4678454730627,-7.87454371101828e-05,94.4945245322114,-0.00744101263880788,-0.11283617382942,-0.064579372139211,11526.9531691429
18.5,-0.779285874743405,-21.2472016592183,20.4679157844749,0.00140031958786946,-1680.38350544335,-2.35307393780508,-0.113338372435822,-0.0674657289342819,11565.1356073728
18.6,-0.777877852247691,-21.2460191578178,20.4681413055701,0.00302922826361561,-3635.07391633872,-11.0114686477052,-0.113664796090713,-0.0702780921095552,11585.1943980718
18.7,-0.776278716857426,-21.2448164573013,20.4685377404439,0.00482222723968015,-5786.67268761619,-27.9046506613359,-0.113798370379477,-0.0730064889220658,11585.3893110399
18.8,-0.774474231914624,-21.2435962384562,20.4691220065416,0.00678922830581542,-8147.07396697847,-55.3123451861822,-0.113717609657113,-0.0756389901932869,11563.5278338596
18.9,-0.772449435303933,-21.242361198833,20.469911763529,0.00893512462905748,-10722.1495548689,-95.8037425641471,-0.113396830085255,-0.0781616352480213,11516.9883034363
19,-0.77018914810597,-21.2411140280064,20.4709248799004,0.0112592377216597,-13511.0852659916,-152.124520887414,-0.112806560118664,-0.0805584485123408,11442.7633383674
19.1,-0.767678534921906,-21.2398573868167,20.4721788518948,0.0137549218280115,-16505.9061936137,-227.037449393648,-0.111914146859806,-0.0828115599404375,11337.5233258456
19.2,-0.764903699474363,-21.2385938912129,20.4736901917385,0.0164093473839206,-19691.2168607047,-323.120017879417,-0.110684546783959,-0.08490143597907,11197.6986969154
19.3,-0.761852297056542,-21.2373261011607,20.4754738041041,0.0192034788928955,-23044.1746714746,-442.52832190786,-0.109081279420232,-0.0868072213856211,11019.5787089452
19.4,-0.758514144031771,-21.2360565148952,20.4775423708634,0.0221122552557836,-26534.7063069403,-586.742198996315,-0.107067513284915,-0.0885071853173624,10799.4235089441
19.5,-0.754881803973223,-21.2347875685971,20.4799057646238,0.0251049726241104,-30125.9671489324,-756.311580548796,-0.104607245314966,-0.0899792581879943,10533.5854386246
19.6,-0.750951130235787,-21.2335216413603,20.4825705111245,0.0281458616122437,-33775.0339346924,-950.627431074688,-0.101666528792812,-0.0912016393462743,10218.6349181031
19.7,-0.746721745786427,-21.2322610651128,20.4855393193264,0.0311948426113748,-37433.8111336497,-1167.74184665813,-0.0982147007394555,-0.0921534501560188,9851.48585528518
19.8,-0.742197442961558,-21.2310081389463,20.4888106959847,0.0342084354112442,-41050.1224934929,-1404.26046394231,-0.0942255582973134,-0.0928154029764841,9429.51540355323
19.9,-0.73738648840299,-21.229765147133,20.49237865873,0.0371407927418649,-44568.9512902377,-1655.32618259299,-0.0896784348838338,-0.0931704541963538,8950.67304588887
20,-0.732301821642157,-21.2285343799474,20.4962325583052,0.0399448220402344,-47933.7864482811,-1914.70656939119,-0.0845591308560317,-0.0932044090843712,8413.57441555453
20.1,-0.726961139515378,-21.2273181562904,20.500357016775,0.0425733560050177,-51088.0272060212,-2174.98876983597,-0.0788606598942584,-0.0929064478688986,7817.57595044158
20.2,-0.721386862634358,-21.2261188470307,20.5047319843963,0.044980330524726,-53976.396629671,-2427.87616093631,-0.0725837809370013,-0.0922695460852539,7162.82738191931
20.3,-0.715605984320703,-21.2249388979371,20.5093329136164,0.0471219284604781,-56546.3141525736,-2664.5713702013,-0.0657372957820354,-0.09129076762792,6450.30012698534
20.4,-0.709649806549034,-21.2237808510838,20.5141310445347,0.0489576495440278,-58749.1794528333,-2876.22173865101,-0.0583381038083745,-0.0899714157790723,5681.79082144397
20.5,-0.703553571339633,-21.2226473636599,20.5190937923203,0.0504512702272571,-60541.5242727084,-3054.39680105246,-0.0504110169946181,-0.0883170353133416,4859.90043194457
20.6,-0.697355999522358,-21.2215412232133,20.524185223691,0.0515716625073009,-61885.9950087609,-3191.56364852033,-0.0419883498145872,-0.0863372670848589,3987.99054442437
20.7,-0.691098751704452,-21.2204653584871,20.5293666067826,0.0522934472820576,-62752.136738469,-3281.52555436959,-0.0331093090050974,-0.0840455647331017,3070.11947726718
20.8,-0.684825828493132,-21.2194228451793,20.5345970166862,0.0525974653223177,-63116.9583867811,-3319.79202999889,-0.0238192170151869,-0.0814587907492109,2110.96174833998
20.9,-0.678582928464198,-21.2184169061457,20.5398339776815,0.0524710570843233,-62965.2685011878,-3303.85419785557,-0.0141686096604004,-0.0785967156184669,1115.71508659627
21,-0.672416782986399,-21.2174509057736,20.5450341227872,0.0519081509050964,-62289.7810861156,-3233.34735646351,-0.00421225275890932,-0.0754814486723114,89.9995864124231
21.1,-0.666374486807868,-21.2165283384749,20.550153851667,0.0509091671917356,-61091.0006300826,-3110.0919649873,0.00599187588056867,-0.0721368323306035,-960.246261738318
21.2,-0.660502842326874,-21.215652811454,20.5551499691271,0.0494807536245568,-59376.9043494681,-2938.0139751049,0.0163835938420528,-0.068587832410696,-2028.86806767573
21.3,-0.654847733785406,-21.2148280221167,20.5599802883313,0.0476353727763497,-57162.4473316195,-2722.95448745015,0.0269014692138643,-0.0648599560881883,-3109.59236102079
21.4,-0.649453545354604,-21.21405773066,20.5646041853054,0.0453907686058784,-54468.9223270539,-2472.38624955887,0.0374836876579075,-0.0609787260242525,-4196.11414572812
21.5,-0.644362634364796,-21.2133457285438,20.568983094179,0.0427693417954162,-51323.2101544993,-2195.05991713576,0.0480688033402088,-0.0569692343711287,-5282.1723950904
21.6,-0.639614867927524,-21.2126958036622,20.5730809357347,0.0397974657455424,-47756.9588946508,-1900.60593572114,0.0585963545646234,-0.0528557941911589,-6361.61160872187
21.7,-0.635247228066177,-21.2121117031177,20.5768644750516,0.0365047751899175,-43805.7302279009,-1599.11833399969,0.0690073345545769,-0.0486616987233185,-7428.42853071396
21.8,-0.6312934873791,-21.2115970945442,20.5803036071651,0.0329234579188067,-39508.1495025679,-1300.74489759772,0.0792445174751659,-0.0444090914055834,-8476.80410504319
21.9,-0.627783954356669,-21.2111555269281,20.5833715725714,0.0290875771614714,-34905.0925937655,-1015.30457414946,0.0892526488810567,-0.0401189421286797,-9501.12166056582
22,-0.624745284896193,-21.2107903918443,20.5860451069481,0.0250324480076899,-30038.9376092278,-751.948143909236,0.0989785177753033,-0.0358111183524826,-10495.9731200809
22.1,-0.622200354414847,-21.2105048859547,20.5883045315398,0.0207940861386254,-24952.9033663504,-518.872822008686,0.108370933923833,-0.0315045339001146,-11456.1556720393
22.2,-0.620168183331618,-21.2103019755189,20.5901337921873,0.0164087414155464,-19690.4896986556,-323.096153810719,0.117380638660695,-0.0272173538105934,-12376.6617974843
22.3,-0.618663907622164,-21.2101843635511,20.5915204559289,0.011912522886734,-14295.0274640808,-170.289841832353,0.125960179944012,-0.0229672308247599,-13252.6657900461
22.4,-0.61769878566086,-21.2101544601186,20.5924556744577,0.00734111585963377,-8809.33903156047,-64.6703784774794,0.134063782824601,-0.0187715480259774,-14079.5099384566
22.5,-0.617280232634673,-21.2102143561386,20.5929341235039,0.00272958616564427,-3275.50339877314,-8.94076876281195,0.141647244846275,-0.0146476428562043,-14852.6933676592
22.6,-0.617411874397842,-21.2103658008869,20.592953926489,-0.00188773810116346,2265.28572139616,-4.27626616630107,0.148667882409233,-0.0106129900590723,-15567.8661768225
22.7,-0.618093613663287,-21.2106101832972,20.5925165696339,-0.00647732103420842,7772.78524105009,-50.3468253362385,0.155084549098915,-0.00668532483817738,-16220.8310011452
22.8,-0.619321702803468,-21.2109485170087,20.5916268142052,-0.0110064260904071,13207.7113084885,-145.369698340313,0.16085774079302,-0.00288269234965718,-16807.5534975617
22.9,-0.621088819156121,-21.211381429016,20.5902926098599,-0.0154430942308947,18531.7130770736,-286.186991309151,0.165949795438897,0.000776584796546798,-17324.1825553211
23,-0.623384140483097,-21.2119091516938,20.5885250112107,-0.0197561117596775,23707.3341116129,-468.36474223304,0.17032518819192,0.00427402347185285,-17767.0803057524
23.1,-0.626193420000178,-21.2125315179121,20.586338097912,-0.0239149859100257,28697.9830920309,-686.311861292075,0.17395091556356,0.00759117803920523,-18132.8612951829
23.2,-0.629499062070519,-21.2132479589266,20.5837488968561,-0.0278899444571668,33467.9333486001,-933.418802188618,0.176796955752123,0.0107099107152848,-18418.4395313122
23.3,-0.633280201134774,-21.2140575047199,20.5807773035851,-0.0316519729195897,37982.3675035075,-1202.21686764292,0.178836786770449,0.013612720964344,-18621.0815511507
23.4,-0.637512787651129,-21.2149587864869,20.5774459988358,-0.0351728994365558,42207.4793238668,-1484.55942572887,0.18004793962213,0.0162831170183075,-18738.4632156059
23.5,-0.642169685672819,-21.2159500409894,20.5737803553166,-0.0384255333960651,46110.640075278,-1771.82594012654,0.180412560807992,0.0187060102112613,-18768.7276315275
23.6,-0.647220787153842,-21.2170291165585,20.5698083294047,-0.0413838595772221,49660.6314926664,-2055.14860020868,0.179917956977418,0.0208681116665277,-18710.5414475522
23.7,-0.652633148125055,-21.2181934805808,20.5655603324557,-0.0440232852154493,52827.942258539,-2325.65956939295,0.178557094598404,0.022758310973513,-18563.1467680229
23.8,-0.65837115152511,-21.2194402283727,20.5610690768476,-0.0463209332480569,55585.1198976682,-2574.75462836513,0.176329029048466,0.02436801775367,-18326.4060742748
23.9,-0.664396700729451,-21.2207660934133,20.5563693926839,-0.0482559712872933,57907.1655447518,-2794.36651785608,0.173239240396274,0.0256914492893196,-18000.8378222793
24,-0.670669446744782,-21.2221674589667,20.5514980122219,-0.0498099628090354,59771.9553708424,-2977.23887404498,0.16929985716098,0.0267258504759147,-17587.6407816835
24.1,-0.67714705069076,-21.2236403711785,20.5464933204878,-0.0509672248129604,61160.6697755523,-3117.1896061618,0.164529754265165,0.0274716360270297,-17088.7056706276
24.2,-0.683785481658443,-21.2251805537698,20.5413950721113,-0.0517151749346963,62058.2099216355,-3209.35118223149,0.158954516967081,0.02793244886881,-16506.613196908
24.3,-0.690539348407505,-21.2267834244738,20.5362440760663,-0.0520446507499277,62453.5808999131,-3250.37480601833,0.152606268477595,0.0281151327680972,-15844.6182105392
24.4,-0.697362261739798,-21.228444113368,20.5310818516282,-0.0519501848245994,62340.2217895191,-3238.58604397204,0.145523364939437,0.0280296212258548,-15106.6202760857
24.5,-0.704207222863833,-21.2301574832369,20.5259502603731,-0.0514302208934719,61716.2650721662,-3174.08114538157,0.137749967179091,0.0276887483442332,-14297.1215561207
24.6,-0.711027031736183,-21.2319181520725,20.5208911203363,-0.0504872592901454,60584.7111481744,-3058.75602075644,0.129335503859375,0.0271079905873489,-13421.1734319279
24.7,-0.717774708313772,-21.2337205177693,20.5159458094555,-0.049127923247508,58953.5078970095,-2896.26341113564,0.120334045114223,0.0263051509877655,-12484.3137485042
24.8,-0.724403918943043,-21.235558785009,20.5111548660659,-0.0473629417311798,56835.5300774156,-2691.89789931735,0.110803609222066,0.0252999993268624,-11492.4969356059
24.9,-0.730869399793924,-21.2374269942606,20.5065575944666,-0.0452070488139165,54248.4585766997,-2452.41271495659,0.100805427198907,0.0241138830976792,-10452.0195066119
25,-0.737127369342964,-21.2393190527437,20.5021916834007,-0.0426788039749619,51214.5647699542,-2185.77637047987,0.0904031912445496,0.0227693246341511,-9369.44355873242
25.1,-0.74313592241835,-21.2412287671288,20.4980928447105,-0.0398003418344867,47760.4102013839,-1900.88065217039,0.0796623126885597,0.0212896196766835,-8251.5208835068
25.2,-0.748855399212257,-21.2431498776775,20.4942944784652,-0.0365970634370441,43916.4761244529,-1607.21406265803,0.0686492134498025,0.0196984518759664,-7105.12014368625
25.3,-0.754248723889731,-21.245076093466,20.4908273695763,-0.033097284032454,39716.7408389447,-1314.51625238992,0.0574306721014339,0.018019536364914,-5937.15928620844
25.4,-0.759281708901543,-21.2470011282919,20.4877194193903,-0.0293318541630318,35198.2249956381,-1032.42920236964,0.0460732415439695,0.0162763036144951,-4754.54495271723
25.5,-0.763923322746436,-21.2489187368358,20.4849954140893,-0.0253337716049802,30400.5259259762,-770.159980479959,0.0346427502186952,0.0144916324053706,-3564.12013756402
25.6,-0.76814592061563,-21.2508227506482,20.4826768300326,-0.0211378012500748,25365.3615000897,-536.167970025195,0.0232038929892554,0.0126876379767996,-2372.62075370119
25.7,-0.771925438974513,-21.2527071135464,20.4807816745719,-0.016780118349074,20136.1420188888,-337.886846170717,0.0118199115816513,0.0108855183526083,-1186.64113049734
25.8,-0.77524155657483,-21.2545659160458,20.479324359471,-0.0122979877475878,14757.5852971054,-181.488603167784,0.000552358146240339,0.0091054586007567,-12.6078201952463
25.9,-0.778077825537959,-21.2563934285104,20.4783156029724,-0.00772948798347786,9275.38558017344,-71.6939813840744,-0.0105390705374194,0.00736658948363973,1143.23952940225
26,-0.780421776911574,-21.2581841327775,20.477762355866,-0.00311328460796627,3735.9415295595,-11.6310492602395,-0.0213966460672667,0.00568699374236175,2274.86202910033
26.1,-0.782265005407027,-21.2599327521024,20.4776677466954,0.00151154787444563,-1813.85744933477,-2.74173237208934,-0.0319646908258348,0.00408375028595655,3376.43236545487
26.2,-0.783603237830597,-21.2616342793524,20.4780310415218,0.00610566115144991,-7326.79338173988,-44.7349177155895,-0.0421896549307485,0.00257300399218159,4442.34511691694
26.3,-0.784436389017742,-21.2632840034758,20.478847614458,0.0106295359181077,-12755.4431017293,-135.584440601211,-0.0520202141634756,0.00117004683931168,5467.22923253129
26.4,-0.784768607891838,-21.264877534344,20.4801089264522,0.0150435672542012,-18052.2807050414,-271.570698878008,-0.0614074147395628,-0.000110605159576338,6445.96527134308
26.5,-0.784608314658708,-21.266410826137,20.4818025114783,0.019308150861311,-23169.7810335733,-447.365627619776,-0.0703048882485078,-0.00125515511426204,7373.70973264997
26.6,-0.783968228211226,-21.2678801994794,20.4839119712681,0.02338379067202,-28060.5488064239,-656.161999431417,-0.0786691556100116,-0.00225050377561101,8245.928339358
26.7,-0.782865380679844,-21.2692823625585,20.4864169818787,0.027231249145433,-32677.4989745195,-889.849116024771,-0.0864600326094521,-0.00308427700254793,9058.43948506526
26.8,-0.781321113873773,-21.2706144314392,20.4892933175654,0.0308117608097985,-36974.1129717581,-1139.23752504028,-0.0936411417614264,-0.00374491302714744,9807.46824961923
26.9,-0.779361050277377,-21.2718739497507,20.4925128994733,0.0340873272546517,-40904.792705582,-1394.33505523887,-0.100180526300221,-0.00422181663524203,10489.7104697897
27,-0.777015029465943,-21.2730589078483,20.4960438783824,0.0370211078598915,-44425.3294318697,-1644.67491260846,-0.106051352509891,-0.00450558279413893,11102.4053740468
27.1,-0.774316999447944,-21.2741677614523,20.4998507620044,0.0395779152236409,-47493.4982683689,-1879.69364813964,-0.111232676964982,-0.00458828703288075,11643.4143138034
27.2,-0.771304851674177,-21.2751994496447,20.5038945979706,0.0417248177521777,-50069.7813026131,-2089.15249974292,-0.115710246184909,-0.00446383429529604,12111.3022128
27.3,-0.768020188397802,-21.2761534119671,20.5081332235693,0.0434318445211107,-52118.2134253327,-2263.59014220711,-0.119477288349389,-0.00412835237837617,12505.4175767493
27.4,-0.764508011807884,-21.2770296042157,20.5125215924078,0.0446727796887256,-53607.3356264706,-2394.78869414089,-0.122535250685438,-0.00358061081121376,12825.9663179197
27.5,-0.760816325933146,-21.2778285123869,20.5170121864537,0.0454260258662182,-54511.2310394617,-2476.22859119798,-0.124894432448913,-0.00282244150839228,13074.0743064562
27.6,-0.7569956447146,-21.2785511640907,20.5215555193761,0.0456755083751038,-54810.6100501244,-2503.502478389,-0.126574462499609,-0.00185913411713676,13251.8335016942
27.7,-0.753098402816811,-21.2791991366392,20.5261007338224,0.0454115857001709,-54493.902840205,-2474.65453896476,-0.127604572570906,-0.000699776996924834,13362.3267662674
27.8,-0.749178269579399,-21.2797745609309,20.5305962913515,0.0446319261058361,-53558.3113270032,-2390.41059350017,-0.128023622546612,0.000642485520805924,13409.6270286939
27.9,-0.745289370847207,-21.2802801202096,20.5349907493624,0.0433423067089285,-52010.768050714,-2254.26666102099,-0.127879842268271,0.00215030738757338,13398.7673218467
28,-0.741485428066042,-21.2807190427723,20.5392336147063,0.0415572896095024,-49868.7475314027,-2072.40998362566,-0.127230265297334,0.00380213095217005,13335.6793511087
28.1,-0.737818828765505,-21.2810950877501,20.5432762589845,0.0393007302038509,-47160.8762446209,-1853.45687346705,-0.12613984315346,0.00557233202049751,13227.0995847035
28.2,-0.734339647129591,-21.2814125231839,20.5470728760543,0.0366060756658548,-43927.2907990256,-1608.00573078514,-0.124680243185694,0.00743153209279548,13080.4433419002
28.3,-0.731094637531797,-21.2816760957678,20.550581458236,0.0335164167899498,-40219.7001479397,-1348.02023332515,-0.122928348625872,0.00934708189577124,12903.6489033178
28.4,-0.728126227446698,-21.2818909918289,20.5537647643822,0.0300842638184194,-36101.1165821032,-1086.07551539551,-0.120964494664566,0.0112837113930432,12704.99519564
28.5,-0.725471538829431,-21.2820627893551,20.5565912505257,0.0263710262736899,-31645.2315284278,-834.517232073169,-0.118870488698788,0.0132043322227596,12492.8980238729
28.6,-0.723161468699399,-21.2821974011587,20.5590359324593,0.0224461878044534,-26935.425365344,-604.597616343349,-0.116727475383242,0.0150709695408323,12275.6910555723
28.7,-0.72121986014325,-21.2823010095639,20.5610811494206,0.0183861791452312,-22063.4149742774,-405.661900272642,-0.114613717022541,0.0168457921134325,12061.3987309444
28.8,-0.719662794187546,-21.2823799933235,20.562717199136,0.014272964910459,-17127.5578925507,-244.461032802231,-0.112602366565433,0.018492202741062,11857.5089228746
28.9,-0.718498030967037,-21.282440847785,20.563942816818,0.0101923724726909,-12230.8469672291,-124.661347946481,-0.11075931358581,0.0199759461734452,11670.7534627942
29,-0.717724625374771,-21.2824900996289,20.5647654742541,0.00623220297361065,-7478.64356833277,-46.6084246851376,-0.109141182958025,0.0212661889460942,11506.904563944
29.1,-0.717332738028073,-21.2825342177792,20.5652014797512,0.0024801749782829,-2976.20997393949,-7.38152150748071,-0.107793561484077,0.0223365252557573,11370.5947172191
29.2,-0.717303657077036,-21.2825795223213,20.5652758652443,-0.000978240131392582,1173.88815767112,-1.14834450560039,-0.106749519762391,0.0231658651582147,11265.1668321257
29.3,-0.717610040318849,-21.2826320934441,20.5650220531253,-0.00406202565310369,4874.43078372441,-19.8000628877669,-0.106028485563109,0.023739165921031,11192.5602917483
29.4,-0.718216380496383,-21.282697682549,20.5644813020526,-0.00669680091774116,8036.16110128937,-53.8165710382305,-0.105635511525496,0.0240479740416165,11153.2372475063
29.5,-0.719079689805049,-21.2827816277164,20.5637019379113,-0.00881690657351373,10580.2878882165,-93.2854098312834,-0.105560964875888,0.0240907538524242,11146.1519701265
29.6,-0.720150392769558,-21.2828887757022,20.5627383829326,-0.0103673257499837,12440.7908999804,-128.977731847529,-0.105780650906013,0.0238729882724813,11168.7644775426
29.7,-0.721373410035355,-21.2830234125396,20.5616500025042,-0.0113053775554065,13566.4530664878,-153.373874004347,-0.106256365988747,0.0234070475431542,11217.0980594074
29.8,-0.722689409485692,-21.2831892046521,20.5604997951664,-0.0116021262240697,13922.5514688836,-161.531199503094,-0.106936860732693,0.0227118320871109,11285.8387884339
29.9,-0.724036195654495,-21.2833891521484,20.5593529564939,-0.0112434580842185,13492.1497010621,-151.698419629893,-0.107759180182232,0.0218122053443076,11368.4737187944
30,-0.725350203832559,-21.2836255556719,20.5582753518394,-0.0102307889236742,12276.946708409,-125.602850400929,-0.108650336311095,0.0207382410133198,11457.4632763382
30.1,-0.726568061696753,-21.283899997832,20.5573319361353,-0.00858137581462872,10297.6509775544,-88.3680130462733,-0.109529258822776,0.0195243161001028,11544.4423838727
30.2,-0.727628178824197,-21.2842133398587,20.5565851610345,-0.0063282195406703,7593.86344880433,-48.0556350659056,-0.110308963667057,0.0182080862143909,11620.4441596535
30.3,-0.728472323138494,-21.2845657337136,20.5560934105751,-0.00351955598808663,4223.46718570393,-14.8647292239316,-0.110898874735628,0.0168293824684454,11676.1395840263
30.4,-0.729047143189806,-21.2849566494688,20.555909506279,-0.000217946802326486,261.536162791775,-0.0570009703732066,-0.111207232774521,0.0154290700919483,11702.0863377803
30.5,-0.729305596173273,-21.285384917343,20.5560793211697,0.00350100909152501,-4201.21090983001,-14.7084775907289,-0.111143526374689,0.0140479076014536,11688.9800530905
30.6,-0.729208243691655,-21.2858487833837,20.556640539692,0.00755031114377431,-9060.37337252913,-68.4086380413627,-0.11062088260473,0.0127254423108419,11627.9014512173
30.7,-0.728724380391995,-21.2863459774021,20.5576215970101,0.0118334988527555,-14200.1986233065,-168.038034117799,-0.109558359007469,0.0114989735085488,11510.5532320648
30.8,-0.727832964656869,-21.2868737914291,20.5590408267722,0.0162468504267738,-19496.2205121286,-316.752178547953,-0.107883083861762,0.0104026092005337,11329.4810894383
30.9,-0.726523325397185,-21.2874291666654,20.5609058412682,0.0206817829677768,-24818.1395613321,-513.283376071466,-0.105532197412648,0.00946643640139318,11078.2738149426
31,-0.724795624551525,-21.2880087866639,20.5632131621124,0.0250273937555964,-30032.8725067156,-751.644525837197,-0.102454552866012,0.00871581901736564,10751.7380911538
31.1,-0.722661061014239,-21.2886091742992,20.5659481132849,0.029173078759654,-35007.6945115848,-1021.28222918037,-0.0986121420925587,0.00817083182266914,10346.0442372217
31.2,-0.720141808249764,-21.2892267899722,20.5690849817224,0.0330111625436357,-39613.3950523627,-1307.6842229788,-0.0939812170629348,0.00784583421906471,9858.83984292955
31.3,-0.717270684656775,-21.2898581284524,20.5725874437956,0.0364394732314722,-43727.3678777665,-1593.40225126461,-0.0885530840229794,0.00774918361217192,9289.32890526126
31.4,-0.714090562667987,-21.2904998117836,20.5764092491156,0.0393637971389682,-47236.5565667617,-1859.41023023741,-0.0823345533927399,0.00788308543643026,8638.31476763036
31.5,-0.710653529448528,-21.2911486757774,20.5804951463288,0.0417001500177139,-50040.1800212565,-2086.6830137998,-0.0753480344825759,0.00824357508599965,7908.20586494627
31.6,-0.707019818719992,-21.2918018477761,20.5847820290561,0.0433768055892242,-52052.166707069,-2257.85671575042,-0.0676312705477684,0.00882062611650108,7102.98400936369
31.7,-0.703256539514779,-21.2924568135932,20.5892002740784,0.0443360271614211,-53203.2325937052,-2358.81996534992,-0.0592367166280239,0.00959837883207806,6228.13572303791
31.8,-0.699436233378282,-21.2931114718188,20.5936752384405,0.0445354546175441,-53442.5455410528,-2380.08806158959,-0.0502305701721492,0.0105554834592674,5290.5479425281
31.9,-0.695635296507319,-21.293764174014,20.5981288775067,0.0439491069476478,-52738.9283371772,-2317.82880179494,-0.0406914726781197,0.0116655522022768,4298.37028435958
32,-0.69193230736769,-21.2944137496935,20.6024814423258,0.0425679697350816,-51081.5636820978,-2174.43845684019,-0.030708909416695,0.0128977142556028,3260.84696256817
32.1,-0.688406303310128,-21.2950595154073,20.6066532120972,0.0404001475563574,-48480.1770676288,-1958.60630709054,-0.0203813435509091,0.0142172670541233,2188.12236542617
32.2,-0.685135051458662,-21.295701267673,20.6105662162143,0.0374705729830286,-44964.6875796342,-1684.85260761176,-0.00981413027514558,0.0155864154889523,1091.0251971658
32.3,-0.682193359564184,-21.2963392599598,20.6141459003956,0.0338202765858904,-40584.3319030684,-1372.57333001535,0.000882734487509862,0.0169650884423991,-19.1630717106261
32.4,-0.67965147152205,-21.2969741643805,20.6173226928585,0.0295052357318072,-35406.2828781685,-1044.67072270741,0.0115969683318154,0.018311818856311,-1130.94897580831
32.5,-0.677573589816092,-21.2976070191932,20.6200334293771,0.0245948336197276,-29513.800343673,-725.887008938498,0.0222163906720842,0.0195846698311456,-2232.87001845945
32.6,-0.676016563297615,-21.2982391636334,20.6222226003358,0.0191699734079482,-23003.9680895379,-440.985456553731,0.032631271999415,0.0207421852596609,-3313.73245896335
32.7,-0.675028773521905,-21.2988721619861,20.6238433884642,0.0133209048360957,-15985.0858033148,-212.935806782782,0.0427365695158287,0.0217443396207841,-4362.83648454828
32.8,-0.674649246493512,-21.2995077191366,20.6248584726431,0.00714483178660393,-8573.79814392467,-61.2583455106387,0.0524339762524969,0.0225534582424593,-5370.18156416477
32.9,-0.67490700932348,-21.3001475901153,20.6252405807918,0.000743378099731518,-892.053719677799,-0.663133198992514,0.0616337158901808,0.0231350770452235,-6326.64534522142
33,-0.675820703239271,-21.3007934863471,20.6249727831079,-0.00578000495880665,6936.00595056792,-40.090148788595,0.0702560240822221,0.0234587099238136,-7224.13034858748
33.1,-0.677398455918912,-21.30144698143,20.6240485255111,-0.0123226033816675,14787.124058001,-182.215864922261,0.0782322689404672,0.0234984928535451,-8055.67392190576
33.2,-0.679638007584352,-21.3021094192908,20.6224714117065,-0.0187848918917986,22541.8702701583,-423.446596063873,0.0855056780433378,0.0232336767397463,-8815.51838407626
33.3,-0.682527077036841,-21.3027818274947,20.6202547504579,-0.0250727914362771,30087.3497235324,-754.373844488458,0.0920316561935176,0.0226489460250061,-9499.13997067045
33.4,-0.686043946199426,-21.3034648383185,20.6174208921191,-0.0310996602004095,37319.5922404912,-1160.62663749711,0.0977776963263465,0.0217345470180608,-10103.2369883728
33.5,-0.69015823507133,-21.3041586199432,20.6140003848719,-0.0367879572365517,44145.5486838619,-1624.02455716602,0.102722904444134,0.0204862185175617,-10625.6794097867
33.6,-0.694831833578849,-21.3048628197833,20.6100309862044,-0.0420705321715323,50484.6386058386,-2123.91561263511,0.106857177148437,0.0189049271130845,-11065.423883857
33.7,-0.700019952848891,-21.305576521564,20.6055565687151,-0.04689151085447,56269.8130253639,-2638.57654825785,0.110180086187764,0.0169964199530087,-11422.3996970266
33.8,-0.705672256085034,-21.3062982173009,20.6006259612159,-0.0512067643540175,61448.1172248209,-3146.55925872945,0.112699537440816,0.0147706180737238,-11697.3724985246
33.9,-0.71173402855911,-21.3070257948411,20.595291766282,-0.0549839664602024,65980.7597522428,-3627.88388123599,0.114430281081874,0.0122408828405201,-11891.793517012
34,-0.718147347227436,-21.3077565411204,20.589609193893,-0.0582022618367568,69842.714204108,-4065.00393949727,0.115392354715126,0.00942319592537802,-12007.6424837361
34.1,-0.724852213038574,-21.3084871607941,20.5836349477556,-0.0608515823127255,73021.8987752704,-4443.49808395488,0.115609541681472,0.00633529888526449,-12047.2725046415
34.2,-0.731787612940725,-21.309213809426,20.5774261964852,-0.0629316617254724,75517.9940705667,-4752.47285703513,0.115107922501111,0.00299584128676932,-12013.2646860162
34.3,-0.738892483678125,-21.3099321399986,20.5710396563205,-0.0644508096277122,77340.9715532545,-4984.68823400111,0.113914588796087,-0.000576413884733937,-11908.2994420816
34.4,-0.746106555393165,-21.3106373611491,20.5645308057559,-0.0654245106482229,78509.4127778673,-5136.4399122713,0.112056576614074,-0.00436328220167047,-11735.0501555445
34.5,-0.753371059500004,-21.3113243052464,20.5579532457464,-0.0658739191704864,79048.7030045836,-5207.24787225573,0.109560060682314,-0.00834770830480938,-11496.1033072154
34.6,-0.760629291929369,-21.3119875042265,20.5513582122972,-0.065824318312024,78989.1819744286,-5199.40905749118,0.106449833795313,-0.0125141452702317,-11193.9074429078
34.7,-0.767827029336022,-21.3126212709876,20.5447942416516,-0.0653036082100489,78364.3298520584,-5117.47349430186,0.102749077446336,-0.0168487444314072,-10830.7515228651
34.8,-0.774912801912002,-21.3132197841164,20.5383069822044,-0.0643408817955924,77209.0581547107,-4967.69888428126,0.0984794121595345,-0.0213393498582238,-10408.7714234091
34.9,-0.781838031806064,-21.3137771737723,20.5319391419663,-0.0629651371692636,75558.1646031162,-4757.53019849301,0.0936611999302984,-0.0259753047261588,-9929.98175025
35,-0.788557050618717,-21.3142876066794,20.5257305560607,-0.0612041650826122,73444.9980991344,-4495.13978815156,0.0883140577675142,-0.030747089315257,-9396.32878222146
35.1,-0.795027012894277,-21.3147453683628,20.5197183554686,-0.0590836386357055,70900.3663628464,-4189.05162532155,0.0824575313749875,-0.0356458214290782,-8809.7593757404
35.2,-0.801207724909922,-21.3151449410002,20.5139372160903,-0.056626420874133,67951.7050489594,-3847.86184921732,0.0761118720603459,-0.040662658785631,-8172.3000787091
35.3,-0.807061409377567,-21.3154810755236,20.508419666146,-0.053852095196423,64622.5142357074,-3480.05778845352,0.0692988582555545,-0.0457881487418125,-7486.14055038585
35.4,-0.812552427001101,-21.3157488568919,20.5031964298908,-0.0507767139449533,60932.0567339439,-3093.92961485713,0.0620426054812282,-0.0510115731330951,-6753.71564978498
35.5,-0.817646975293819,-21.3159437617406,20.4982967864468,-0.0474127526801772,56895.3032162125,-2697.56294005397,0.0543703147751241,-0.0563203348712545,-5977.7811957581
35.6,-0.822312783818457,-21.3160617078926,20.4937489240742,-0.0437692516857762,52523.1020229313,-2298.89687175938,0.046312918837982,-0.0616994283602921,-5161.4793448008
35.7,-0.826518823247692,-21.3160990954773,20.4895802722296,-0.0398521222944646,47822.5467533574,-1905.82998164755,0.0379055965080739,-0.0671310281597985,-4308.39068327542
35.8,-0.830235043538764,-21.3160528396333,20.4858177960945,-0.0356645935581606,42797.5122697926,-1526.35588040255,0.0291881385954109,-0.0725942202917813,-3422.57138050168
35.9,-0.833432154245688,-21.3159203949775,20.4824882407318,-0.0312077743568323,37449.3292281987,-1168.71021636835,0.0202051604699913,-0.0780648889964793,-2508.57498472783
36,-0.836081457700899,-21.315699772191,20.4796183144901,-0.0264813068754663,31777.5682505594,-841.511536599137,0.0110061680307609,-0.083515759569666,-1571.45955719914
36.1,-0.83815474359459,-21.3153895472111,20.4772348036165,-0.0214840890347496,25780.9068416995,-553.879297983656,0.00164549284339953,-0.0889165861810791,-616.781736804818
36.2,-0.839624251432955,-21.3149888636286,20.4753646121956,-0.0162150454735549,19458.0545682658,-315.513239651343,-0.00781788139758785,-0.0942344632642832,349.420061740964
36.3,-0.840462705488068,-21.314497428972,20.4740347234839,-0.010673928614627,12808.7143375524,-136.719302484184,-0.0173205757979362,-0.0994342310412541,1320.65083147236
36.4,-0.840643425147992,-21.3139155056225,20.4732720804746,-0.00486213283841203,5834.55940609443,-28.3684028860375,-0.0267951315356809,-0.104478940658794,2289.99011011779
36.5,-0.840140511985339,-21.31324389715,20.4731033851646,0.00121649440511317,-1459.79328613586,-1.77583036520603,-0.0361703618297091,-0.10933034266736,3250.12701251554
36.6,-0.838929113317263,-21.3124839308877,20.4735548175705,0.00755486071298785,-9065.8328555854,-68.4911044711766,-0.0453717250168824,-0.113949364267661,4193.39773023981
36.7,-0.83698576044883,-21.3116374375874,20.4746516771386,0.0141418730044348,-16970.2476053217,-239.991086488272,-0.0543217110956111,-0.11829654567905,5111.82487805985
36.8,-0.834288778102792,-21.3107067289986,20.4764179508958,0.0209617362426658,-25154.083491199,-527.273263568509,-0.06294024296668,-0.122332413645111,5997.15895363729
36.9,-0.830818759685208,-21.3096945742167,20.4788758145315,0.0279933265505406,-33591.9918606486,-940.351597638238,-0.0711451023406452,-0.126017779732618,6840.92303412935
37,-0.826559100993904,-21.3086041756232,20.4820450746292,0.0352096602510386,-42251.5923012462,-1487.66420999228,-0.0788523978218012,-0.12931396175959,7634.46255391748
37.1,-0.821496582757309,-21.3074391452057,20.4859425624484,0.0425774814549698,-51092.9777459635,-2175.41031245795,-0.0859770980573734,-0.132182937361249,8369.00249594929
37.2,-0.815621990050271,-21.3062034819924,20.4905814919421,0.0500569910096473,-60068.3892115766,-3006.84281872789,-0.0924336552863917,-0.134587448313016,9035.7145107324
37.3,-0.808930754266957,-21.3049015512504,20.4959707969834,0.0576017385631539,-69122.0862757845,-3981.5523425975,-0.0981367436365391,-0.136491081806213,9625.79630633418
37.4,-0.801423601072301,-21.3035380659984,20.5021144649261,0.0651586969390388,-78190.4363268464,-5094.78694415219,-0.103002131927196,-0.137858359619658,10130.5651184982
37.5,-0.793107185762079,-21.3021180712468,20.5090108854847,0.0726685338372582,-87202.2406047095,-6336.85897206806,-0.106947702725263,-0.138654867505711,10541.5661973099
37.6,-0.783994695911051,-21.3006469312264,20.5166522353153,0.0800660901099345,-96079.3081319213,-7692.69454259058,-0.109894618499378,-0.138847454877011,10850.696096232
37.7,-0.774106400250869,-21.2991303196856,20.5250239194347,0.0872810666884081,-104737.28002609,-9141.5815227196,-0.111768622773735,-0.13840452914052,11050.339212279
37.8,-0.763470122547005,-21.2975742131474,20.5341040906004,0.0942389139851733,-113086.696782208,-10657.1674909258,-0.112501450288631,-0.137296460213671,11133.5146177538
37.9,-0.752121619957155,-21.2959848868154,20.5438632668582,0.100861908701813,-121034.290442175,-12207.7495523673,-0.112032306582036,-0.135496099611926,11094.0288732665
38,-0.740104847020771,-21.2943689126232,20.5542640656025,0.107070393968265,-128484.472761918,-13756.8831174234,-0.110309365415088,-0.132979405999239,10926.629350117
38.1,-0.727472089062228,-21.2927331587373,20.5652610696751,0.11278415019389,-135340.980232668,-15264.3174419496,-0.107291223306931,-0.12972615638448,10627.151739342
38.2,-0.71428395233125,-21.2910847896647,20.5768008373335,0.117923856510277,-141508.627812332,-16687.2431211077,-0.102948245170168,-0.125720710428967,10192.6549854659
38.3,-0.700609202529048,-21.2894312659909,20.5888220634618,0.122412596783667,-146895.116140401,-17981.8126215848,-0.0972637344095945,-0.120952785756119,9621.53692464391
38.4,-0.686524448287607,-21.28778034269,20.6012558944024,0.12617736035917,-151412.832431003,-19104.8715206492,-0.0902348652561026,-0.115418195722639,8913.62445995065
38.5,-0.672113671438314,-21.2861400649162,20.6140263934779,0.129150486356422,-154980.583627706,-20015.8177513203,-0.0818733245234599,-0.109119498570199,8070.23315819105
38.6,-0.657467611238761,-21.2845187602013,20.6270511489626,0.131271001720608,-157525.202064729,-20678.4910712782,-0.07220562392516,-0.102066508651118,7094.19264585107
38.7,-0.642683014816907,-21.2829250260605,20.6402420112436,0.132485807435208,-158982.968922249,-21062.9870061107,-0.0612730616776773,-0.094276626560759,5989.83601873157
38.8,-0.627861770631711,-21.2813677121279,20.6535059414962,0.132750674230211,-159300.809076253,-21147.2898102908,-0.0491313320890679,-0.0857749551739427,4762.95352837177
38.9,-0.613109945456486,-21.2798558961203,20.6667459506638,0.132031018479522,-158437.222175426,-20918.6278088877,-0.0358498026635792,-0.0765941820610994,3420.71291249366
39,-0.598536748028138,-21.2783988531343,20.6798621051062,0.130302440281778,-156362.928338134,-20374.4711320636,-0.0215104982734815,-0.0667742245211422,1971.55072884171
39.1,-0.584253443902988,-21.2770060180242,20.6927525741212,0.127551018283319,-153061.221939983,-19523.114718134,-0.00620684948306754,-0.0563616502421864,425.04076694698
39.2,-0.57037224613283,-21.2756869408626,20.7053146947298,0.123773368803831,-148528.042564597,-18383.816190059,0.00995772437712297,-0.0454089029844162,-1208.25309768634
39.3,-0.557005205132103,-21.2744512357442,20.7174460306121,0.118976489341145,-142771.787209374,-16986.4860191324,0.0268713185465745,-0.0339733772527949,-2916.93149576807
39.4,-0.544263118655653,-21.2733085234389,20.7290454047832,0.113177417611465,-135812.901133757,-15370.9534286398,0.0444150516203895,-0.0221163973809268,-4688.91336491854
39.5,-0.532254479346342,-21.2722683686202,20.7400138892739,0.106402746028244,-127683.295233893,-13585.8532348212,0.0624645031739814,-0.00990216369749186,-6511.58124189194
39.6,-0.52108447312332,-21.2713402125761,20.7502557394528,0.0986880371769238,-118425.644612308,-11687.1944182007,0.0808910142503939,0.00260326926321584,-8371.91147193113
39.7,-0.510854037105812,-21.2705333024383,20.7596792653324,0.0900771878570723,-108092.625428486,-9736.67972668592,0.0995628009134012,0.0153329205689713,-10256.5844463652
39.8,-0.50165898117897,-21.269856618042,20.7681976368631,0.0806217873671694,-96746.1448406031,-7799.84711793248,0.11834585155616,0.0282196630246765,-12152.0720811472
39.9,-0.493589173088843,-21.2693187975412,20.7757296244523,0.0703805099443701,-84456.611933244,-5944.09941603549,0.137104601798396,0.0411968148723923,-14044.7021009308
40,-0.4867277834554,-21.268928062855,20.7822002793996,0.0594185720145879,-71302.2864175052,-4236.6800403033,0.15570240467252,0.0541985189455636,-15920.7011034995
40.1,-0.481150584615236,-21.2686921459263,20.787541561311,0.047807272842303,-57368.7274107635,-2742.64240394207,0.17400183633409,0.0671599042356056,-17766.2206449522
40.2,-0.476925295962779,-21.2686182166236,20.7916929206608,0.0356236232495687,-42748.3478994823,-1522.85104011265,0.191864896727398,0.0800170447632437,-19567.3525097586
40.3,-0.474110968563252,-21.2687128129465,20.7946018443833,0.0229500524573888,-27540.0629488664,-632.045889356273,0.209153178708234,0.0927067497730005,-21310.1407367255
40.4,-0.472757403258896,-21.268981774004,20.7962243707451,0.00987416906372121,-11849.0028764655,-116.999057638739,0.225728086671195,0.105166235930233,-22980.5987247217
40.5,-0.472904599159993,-21.2694301760483,20.7965255768883,-0.0035114599991016,4213.75199892191,-14.7964215903487,0.241451185859432,0.1173327448966,-24564.7397534361
40.6,-0.474582233069739,-21.2700622716879,20.7954800386181,-0.0171095577894985,20531.4693473983,-351.284361302629,0.256184755965003,0.1291431771801,-26048.6284960425
40.7,-0.477809174706184,-21.270881432271,20.7930722575648,-0.0308184632625418,36982.1559150501,-1139.73321343757,0.269792607717119,0.140533814685971,-27418.4596067793
40.8,-0.48259304715269,-21.2718900933648,20.7892970462121,-0.0445325853171938,53439.1023806325,-2379.78138603977,0.282141199894795,0.151440199598142,-28660.6673333629
40.9,-0.488929846347702,-21.2730897032398,20.7841598568921,-0.0581430307064072,69771.6368476885,-4056.73442367144,0.293101068146861,0.161797226279458,-29762.0674838109
41,-0.496803637165783,-21.2744806743271,20.7776770371613,-0.0715384416975482,85846.1300370577,-6141.29836861619,0.30254854816366,0.171539486492866,-30710.0301665787
41.1,-0.506186346330331,-21.2760623377376,20.7698759914073,-0.0846060651024232,101527.278122908,-8589.82350253854,0.31036774642363,0.180601887589801,-31492.6787490641
41.2,-0.517037673686001,-21.2778329011086,20.7607952274226,-0.0972330565886283,116679.667906354,-11345.1207522808,0.31645268434795,0.188920539951781,-32099.1076823719
41.3,-0.52930514299829,-21.2797894102683,20.75048426727,-0.109308004400097,131169.605280117,-14337.887791118,0.320709518565402,0.196433885744831,-32519.6094533547
41.4,-0.542924311316344,-21.2819277154539,20.7390034041376,-0.120722636378038,144867.163653645,-17488.7459208767,0.323058723166923,0.203084017921167,-32745.8991567745
41.5,-0.557819152046918,-21.2842424430677,20.7264232910208,-0.131373655224962,157648.386269954,-20710.8447446005,0.323437110912066,0.208818118317501,-32771.3241968711
41.6,-0.573902621400183,-21.2867269741797,20.7128243527795,-0.141164630989759,169397.55718771,-23912.9436509697,0.32179957034425,0.21358992840581,-32591.0465377198
41.7,-0.591077411071417,-21.2893734311613,20.6982960200898,-0.150007868254949,180009.441905938,-27002.8326460729,0.318120405002313,0.217361157166408,-32202.1857675644
41.8,-0.609236882320427,-21.2921726739334,20.682935791613,-0.157826159602914,189391.391523496,-29890.9159860052,0.312394178986563,0.220102728631472,-31603.9129938768
41.9,-0.628266168491209,-21.2951143073269,20.6668481388357,-0.16455433727879,197465.204734547,-32493.7559007139,0.304635998953105,0.221795777297184,-30797.4881418532
42,-0.648043425015189,-21.298186700955,20.6501432759398,-0.170140541671933,204168.650006319,-34737.3647045023,0.294881194453149,0.222432312635111,-29786.2364229502
42.1,-0.668441198606878,-21.3013770227998,20.632935824193,-0.174547137883282,209456.565459938,-36560.0440118945,0.283184394190907,0.222015493562318,-28575.4633518745
42.2,-0.689327881203816,-21.3046712874058,20.615343406202,-0.177751229319576,213301.475183491,-37914.5994295446,0.269618032701336,0.2205594786198,-27172.3114627256
42.3,-0.710569209663092,-21.3080544191793,20.5974852095162,-0.179744738649762,215693.686379714,-38769.8052867256,0.254270357466885,0.218088845969965,-25585.5655321249
42.4,-0.732029769642221,-21.3115103308259,20.5794805611837,-0.180534050000864,216640.860001037,-39111.0518516574,0.237243037985385,0.214637607043053,-23825.4163865562
42.5,-0.75357446166861,-21.3150220164489,20.5614475547803,-0.180139230264927,216167.076317912,-38940.1707365285,0.21864850341874,0.210247866465786,-21903.1960043488
42.6,-0.775069889203472,-21.3185716583128,20.5435017691093,-0.178592870160899,214311.444193078,-38274.4959267691,0.198607152286265,0.204968206536915,-19831.0984152438
42.7,-0.796385632445713,-21.3221407457746,20.5257551133288,-0.175938605718812,211126.326862574,-37145.2715787355,0.177244584899681,0.19885189491623,-17621.9017081099
42.8,-0.817395377470849,-21.3257102044426,20.5083148269718,-0.172229396852381,206675.276222857,-35595.5581681619,0.154689006243301,0.191955027675631,-15288.7062083222
42.9,-0.837977877703427,-21.3292605332541,20.4912826555506,-0.167525650709031,201030.780850837,-33677.8123745812,0.131068933902372,0.184334725243159,-12844.7025876109
43,-0.858017733221516,-21.3327719469005,20.474754213679,-0.161893282952272,194271.939542726,-31451.3220780771,0.106511323296833,0.176047495487715,-10302.9814070508
43.1,-0.877405982462157,-21.336224520888,20.4588185384258,-0.155401809847456,186482.171816947,-28979.6670046378,0.0811401924337737,0.16714786634882,-7676.39252792658
43.2,-0.896040509976423,-21.3395983364963,20.4435578265199,-0.148122558178632,177747.069814357,-26328.3506896584,0.0550757927731804,0.157687370792177,-4977.45917687604
43.3,-0.913826282418061,-21.3428736230104,20.4290473405924,-0.14012706916849,168152.483002188,-23562.7146165009,0.0284343341551006,0.147713940871097,-2218.34748765273
43.4,-0.930675432430032,-21.3460308948141,20.4153554623841,-0.131485757564242,157782.909077089,-20746.2053306909,0.00132823284661987,0.137271737220584,589.111646246207
43.5,-0.946507216086069,-21.3490510812576,20.4025438651716,-0.122266868997237,146720.242796683,-17939.0247052648,-0.026133184550777,0.126401407704695,3433.35529154788
43.6,-0.961247873725725,-21.3519156476046,20.3906677738789,-0.11253575890169,135042.910682028,-15197.1564378952,-0.0538426197044573,0.115140736675072,6302.98582412138
43.7,-0.974830426195076,-21.3546067058106,20.3797762796155,-0.102354496046045,122825.395255254,-12571.7314330079,-0.0816935056878531,0.10352561687568,9186.64535811164
43.8,-0.98719443861555,-21.3571071143547,20.3699126757392,-0.0917817744295644,110138.129315477,-10108.6729409273,-0.109578611170436,0.091591251742563,12072.8811497597
43.9,-0.998285781934751,-21.3594005668091,20.3611147848743,-0.0808731001517622,97047.7201821143,-7848.54999378832,-0.137388686508168,0.0793734786096927,14950.0162611778
44,-1.00805641888234,-21.3614716692609,20.3534152503786,-0.0696812058953576,83617.4470744289,-5826.56454603745,-0.16501128650381,0.0669100945127126,17806.039087975
44.1,-1.01646423588938,-21.3633060070833,20.3468417711939,-0.0582566356237612,69907.9627485133,-4072.60271303961,-0.192329888670368,0.0542420665956919,20628.5236638104
44.2,-1.02347293644474,-21.3648902018522,20.3414172654074,-0.046648436413386,55978.1236960633,-2611.29194377646,-0.219223401336482,0.0414145185673553,23404.5900949056
44.3,-1.02905200472367,-21.3662119594353,20.3371599547117,-0.0349048931176564,41885.8717411876,-1462.02187626602,-0.2455661248288,0.0284774024951956,26120.9112548947
44.4,-1.03317674161372,-21.3672601104124,20.3340833687987,-0.0230742445718652,27689.0934862382,-638.9049150747,-0.271228193700757,0.0154857900715225,28763.768241675
44.5,-1.03582836894623,-21.3680246440392,20.3321962750929,-0.0112053267929044,13446.3921514853,-150.671218242938,-0.296076491303149,0.00249974737740588,31319.1533492383
44.6,-1.03699419222615,-21.3684967369407,20.3315025447146,0.000651901622040067,-782.281946448057,-0.509970869782149,-0.319975992752393,-0.0104162102546591,33772.9157316161
44.7,-1.03666780776928,-21.368668777629,20.3320009698597,0.0124459848223212,-14935.1817867854,-185.88304583694,-0.342791461255072,-0.023194054000967,36110.9418093019
44.8,-1.03484933712948,-21.3685343877963,20.3336850506668,0.0241237656571051,-28948.5187885262,-698.347283374712,-0.364389398150887,-0.0357635084607274,38319.3600284526
44.9,-1.03154567013619,-21.3680884411625,20.3365427710263,0.0356303589665692,-42756.430759883,-1523.42697610389,-0.384640130762763,-0.0480535649413859,40384.7580100535
45,-1.02677069775672,-21.367327080462,20.3405563827053,0.0469092965086269,-56291.1558103522,-2640.57851872113,-0.403419915335102,-0.0599941378914186,42294.3995286435
45.1,-1.02054551721842,-21.366247732963,20.3457022157446,0.0579028270228192,-69483.392427383,-4023.28485268142,-0.420612935371021,-0.0715177511281213,44036.4291667243
45.2,-1.01289859414719,-21.3648491247353,20.3519505305881,0.0685523464520023,-82262.8157424026,-5639.30904489041,-0.436113088120401,-0.0825611394567354,45600.053848285
45.3,-1.00386586959294,-21.3631312937218,20.3592654241289,0.0787989276891476,-94558.713226977,-7451.1252059514,-0.449825472633173,-0.0930666593320782,46975.6926324783
45.4,-0.993490803360089,-21.361095601545,20.3676047981849,0.0885839166885996,-106300.700026319,-9416.53235507128,-0.461667519820921,-0.102983418663357,48155.0889497745
45.5,-0.981824348663526,-21.3587447438813,20.3769203952177,0.0978495624395047,-117419.474927405,-11489.444243523,-0.471569735994913,-0.112268059314109,49131.3826415468
45.6,-0.968924856421395,-21.3560827591739,20.3871579027526,0.106539651958861,-127847.582350633,-13620.8369274183,-0.479476063679369,-0.120885154341409,49899.1424443738
45.7,-0.954857910155706,-21.3531150354191,20.3982571252634,0.114600127697828,-137520.153237393,-15759.8271220301,-0.485343894344816,-0.128807213183738,50454.3626602841
45.8,-0.939696094253943,-21.3498483147436,20.4101522204897,0.121979672926054,-146375.607511265,-17854.8487285765,-0.489143794407659,-0.136014319264567,50794.4304084943
45.9,-0.923518699100935,-21.3462906954961,20.4227719963951,0.128630259948865,-154356.311938638,-19854.892529415,-0.490859026089959,-0.142493453246897,50918.0718365355
46,-0.906411366281681,-21.3424516315752,20.4360402652935,0.134507665489025,-161409.198586829,-21710.7744903688,-0.490484956764242,-0.14823757908231,50825.2868102714
46.1,-0.888465675761683,-21.3383419287224,20.4498762529607,0.139571966251572,-167486.359501886,-23376.4005159959,-0.488028453153527,-0.153244587081462,50517.2818061538
46.2,-0.869778674861493,-21.333973737495,20.4641950626335,0.143788034642644,-172545.641571172,-24809.9986876729,-0.483507349937523,-0.157516197093861,49996.4099779506
46.3,-0.850452346242466,-21.3293605426043,20.4789081963619,0.147126058997413,-176551.270796895,-25975.2926833322,-0.476950066471784,-0.161056924807488,49266.1257285116
46.4,-0.830593009372258,-21.3245171482532,20.4939241388809,0.149562113835267,-179474.536602319,-26842.5910738478,-0.468395421778301,-0.163873205188112,48330.95872571
46.5,-0.810310647442208,-21.3194596590232,20.509149011581,0.151078803188949,-181294.563826739,-27389.7657276063,-0.457892668712992,-0.165972749937563,47196.5093664836
46.6,-0.789718149876499,-21.3142054557607,20.5244873058842,0.151665993818137,-181999.192581764,-27603.0884170118,-0.445501735776424,-0.167364191998779,45869.4644682379
46.7,-0.768930459784521,-21.3087731657812,20.5398427059967,0.151321645294901,-181585.974353881,-27477.8884017069,-0.431293632243604,-0.168057041570089,44357.6287348246
46.8,-0.74806361628152,-21.3031826265747,20.5551190102932,0.150052731032417,-180063.2772389,-27018.9865083441,-0.415350942066475,-0.168061947203068,42669.9645915937
46.9,-0.727233683756623,-21.2974548420475,20.5702211582909,0.147876229116228,-177451.474939473,-26240.8549651621,-0.397768307113854,-0.167391224937045,40816.6305786002
47,-0.706555564002485,-21.2916119302034,20.5850563662009,0.144820145357472,-173784.174428966,-25167.4494016312,-0.378652783139243,-0.166059590646063,38809.0068601821
47.1,-0.686141692595406,-21.2856770610548,20.5995353684594,0.140924514604977,-169109.417525972,-23831.6625799779,-0.358123944205101,-0.164085008194918,36659.6957206663
47.2,-0.66610062784758,-21.2796743834814,20.6135737556338,0.136242311453612,-163490.773744334,-22274.3609162676,-0.336313614203581,-0.16148955056019,34382.4852645013
47.3,-0.646535548720479,-21.2736289397403,20.6270933910198,0.130840189537509,-157008.22744501,-20542.9862378535,-0.31336511782694,-0.158300164139041,31992.2659379387
47.4,-0.627542686847249,-21.2675665663815,20.6400238795343,0.124798960991434,-149758.75318972,-18689.7367974496,-0.289431967223395,-0.15454922873062,29504.8918690314
47.5,-0.609209726722174,-21.2615137804671,20.6523040537449,0.118213725591301,-141856.470709561,-16769.3819018105,-0.264675933173457,-0.150274817083618,26936.9822359843
47.6,-0.591614216578755,-21.2554976502186,20.6638834336398,0.111193563403656,-133432.276084387,-14836.8102508834,-0.239264488772032,-0.145520577678566,24305.6617071251
47.7,-0.574822039877581,-21.2495456495572,20.6747236096796,0.103860715897361,-124632.859076833,-12944.4579680548,-0.21336765658839,-0.140335191106417,21628.2431851343
47.8,-0.558886003072566,-21.2436854964277,20.6847994933551,0.0963491982847793,-115619.037941735,-11139.8016121437,-0.187154334046631,-0.134771382015785,18921.8603398866
47.9,-0.543844598900552,-21.2379449753255,20.6941003764249,0.0888028096860744,-106563.371623289,-9463.12680976936,-0.160788213168378,-0.128884502737749,16203.0614268586
48,-0.529721005437882,-21.2323517450493,20.7026307396114,0.0813725363248501,-97647.0435898199,-7945.78760152684,-0.134423446835491,-0.122730738764959,13487.3793750685
48.1,-0.516522379323895,-21.2269331333605,20.7104107540366,0.0742133746746499,-89056.0496095798,-6609.14997671996,-0.108200241727518,-0.116365017668276,10788.8958396949
48.2,-0.504239496764335,-21.22171592092,20.7174764241556,0.0674806342574049,-80976.7611088858,-5464.36319973797,-0.0822405760071812,-0.109838729390096,8119.81865404813
48.3,-0.492846788270214,-21.216726117556,20.7238793292858,0.0613258114594808,-73590.9737513768,-4513.02618139653,-0.0566442463374976,-0.103197385157441,5490.09275573283
48.4,-0.482302802799921,-21.2119887345591,20.7296859317592,0.0558921541261614,-67070.5849513935,-3748.71947143509,-0.0314854434074836,-0.0964783530470121,2907.06415144816
48.5,-0.472551124448621,-21.2075275572601,20.7349764328115,0.0513100598974628,-61572.0718769552,-3159.26669601746,-0.00681003815688251,-0.0897088096922719,375.214851602865
48.6,-0.463521750586661,-21.2033649225965,20.7398431720099,0.0476924677304855,-57230.9612765825,-2729.48577386807,0.0173662665369868,-0.0829040396343406,-2104.01594724147
48.7,-0.455132924998079,-21.1995215066716,20.7443885816735,0.0451304108099483,-54156.4929719378,-2444.10477584963,0.0410587999811449,-0.0760661969708559,-4532.31265800211
48.8,-0.447293403768679,-21.1960161274412,20.7487227236725,0.0436888996589586,-52426.6795907502,-2290.46394409266,0.0643137271387348,-0.0691836194836604,-6914.45843594213
48.9,-0.439905116091154,-21.1928655676071,20.7529604515159,0.0434032968954634,-52083.956274556,-2260.61541767489,0.087206760787726,-0.0622307551037041,-9258.20151423753
49,-0.432866167428859,-21.1900844225503,20.7572182551215,0.0442763304394465,-53131.5965273357,-2352.47212461966,0.10984079819024,-0.0551687265744148,-11574.014215363
49.1,-0.426074119186794,-21.1876849777029,20.7616108585161,0.0462758711978256,-55531.0454373906,-2569.74750614129,0.132342542530366,-0.0479465249023667,-13874.7505532967
49.2,-0.419429467661587,-21.1856771191515,20.7662476514899,0.0493335757752072,-59200.2909302485,-2920.56203852172,0.154858209308054,-0.0405027880731575,-16175.2123740153
49.3,-0.412839235957282,-21.184068280511,20.7712290445538,0.0533444661732466,-64013.3594078958,-3414.75848557037,0.177548451308202,-0.0327680908483276,-18491.6374010405
49.4,-0.406220586018613,-21.1828634282294,20.7766428422108,0.0581674883608214,-69800.9860329856,-4060.14804264755,0.200582661284228,-0.0246676462126579,-20841.1252077013
49.5,-0.399504354087103,-21.1820650865201,20.782560732433,0.0636270615290074,-76352.4738348088,-4858.08355057931,0.224132828342279,-0.0161243007139615,-23241.018937663
49.6,-0.392638411756113,-21.181673402101,20.7890349903449,0.0695156010972944,-83418.7213167531,-5798.90255510178,0.248367132089823,-0.00706169546769148,-25708.2615131832
49.7,-0.385590756321619,-21.1816862478854,20.7960954915638,0.0755969721551139,-90716.3665861365,-6857.88263882527,0.273443458451793,0.00259253769655088,-28258.7451409344
49.8,-0.378352238149024,-21.1820993637486,20.8037471255995,0.0816108067512504,-97932.9681015002,-7992.38853430791,0.299503013728981,0.0129036698984658,-30906.6722371272
49.9,-0.370938839098983,-21.1829065315231,20.8119676924241,0.0872775987208625,-104733.118465035,-9140.85508617586,0.326664200458355,0.0239269710830429,-33663.9445796989
50,-0.363393424439177,-21.1840997804734,20.8207063560342,0.0923044737074886,-110765.368448986,-10224.1390396997,0.35501690166914,0.0357051023607236,-36539.5957177488
50.1,-0.355786900857773,-21.185669618691,20.8298827178332,0.0963915195695929,-115669.823483511,-11149.5900539222,0.384617301030254,0.0482658770474089,-39539.2796034298
50.2,-0.348218724935776,-21.1876052851542,20.8393865602184,0.099238553104024,-119086.263724829,-11817.9485066162,0.415483346881856,0.0616204387015194,-42664.8262332379
50.3,-0.340816719489776,-21.1898950166193,20.8490782971296,0.100552192440096,-120662.630928115,-12132.8920854121,0.447590949714525,0.0757618805757552,-45913.8729510636
50.4,-0.333736169344164,-21.1925263230605,20.8587901537163,0.10005309990606,-120063.719887272,-12012.7473609745,0.480870986399866,0.0906643089355258,-49279.5781014952
50.5,-0.32715818313747,-21.1954862650639,20.8683280819264,0.0974832569403381,-116979.908328405,-11403.5824604351,0.515207171006054,0.106282334222415,-52750.4220163033
50.6,-0.321287323530004,-21.1987617264024,20.8774744028724,0.0926131300332309,-111135.756039877,-10292.6302254625,0.550434841448105,0.122550960237988,-56310.098912454
50.7,-0.316348524488514,-21.2023396749758,20.8859911504873,0.0852485841698794,-102298.301003855,-8720.78532356279,0.586340703105802,0.139385833083521,-59937.5021730183
50.8,-0.312583330999281,-21.2062074053923,20.893624074393,0.0752373974289372,-90284.8769147244,-6792.79916625579,0.622663564013649,0.156683808679179,-63606.8046268081
50.9,-0.310245513401952,-21.210352756696,20.9001072432941,0.0624752271856533,-74970.2726227839,-4683.78481427879,0.659096090057248,0.174323799940899,-67287.6347566914
51,-0.309596125302122,-21.2147642991021,20.9051681738,0.0469108750442245,-56293.0500530694,-2640.75623689782,0.695287601365235,0.192167871276292,-70945.3491433725
51.1,-0.310898090414593,-21.2194314840949,20.9085333936803,0.0285506948626836,-34260.8338352202,-978.170612570479,0.730847921301946,0.210062557743455,-74541.400771437
51.2,-0.314410419351411,-21.2243447528683,20.9099343335169,0.00746198713283749,-8954.38455940488,-66.8175023647579,0.765352275836188,0.227840397498099,-78033.8019692461
51.3,-0.320382171868783,-21.2294955988521,20.9091134269833,-0.016224774988897,19469.7299866766,-315.891988128409,0.798347222613604,0.245321677401708,-81377.6796200023
51.4,-0.329046292930517,-21.234876580962,20.9058302880314,-0.0423150357947093,50778.042953651,-2148.67470516903,0.829357565310669,0.262316401259171,-84525.9187909456
51.5,-0.340613461586692,-21.2404812852497,20.899867823663,-0.0705506974527821,84660.8369433381,-5972.88109328876,0.857894179914179,0.278626496641233,-87429.8890406658
51.6,-0.355266099530684,-21.2463042337989,20.8910381342682,-0.10061222286784,120734.667441408,-12147.3832684895,0.883462646224666,0.294048278457835,-90040.2453837077
51.7,-0.373152690715408,-21.2523407410085,20.8791880502931,-0.132122381299581,158546.857559496,-20947.5883683261,0.90557254154738,0.308375184609696,-92307.7932661721
51.8,-0.39438256405176,-21.2585867188201,20.8642041547683,-0.164651674875659,197582.00985079,-32532.2088472316,0.923747216205977,0.321400790849644,-94184.4040308556
51.9,-0.419021287535664,-21.2650384339428,20.8460171464071,-0.197725431812454,237270.518174944,-46914.4156625055,0.937533834623128,0.332922098624167,-95623.9643622003
52,-0.447086813837711,-21.2716922216963,20.8246054078585,-0.230832491037547,276998.989245056,-63940.3667023191,0.946513433936882,0.342743071824929,-96583.3402706478
52.1,-0.478546504291543,-21.2785441626599,20.7999976583683,-0.263435335477763,316122.402573315,-83277.8111739374,0.950310727160977,0.350678377195325,-97023.3334975477
52.2,-0.513315140381152,-21.2855897298562,20.772274589475,-0.294981461095852,353977.753315022,-104416.874868292,0.948603362233575,0.356557260115385,-96909.6060018738
52.3,-0.551254009520303,-21.2928234156258,20.7415694061055,-0.324915700246767,389898.84029612,-126684.254720216,0.941130343968248,0.360227464401597,-96213.5466330472
52.4,-0.59217112563217,-21.30023834861,20.7080672229778,-0.352693156008423,423231.787210107,-149270.954754218,0.927699334316812,0.36155908351628,-94913.0533883815
52.5,-0.635822615485729,-21.3078259122711,20.6720032967853,-0.37779235380419,453350.824565027,-171272.475111492,0.908192568084229,0.360448213092992,-92993.2049571071
52.6,-0.681915269836605,-21.3155753770816,20.633660107245,-0.399728182406035,479673.81888724,-191739.143771558,0.8825711560485,0.356820262717205,-90446.7966803462
52.7,-0.730110225223932,-21.3234735588343,20.5933633336103,-0.418064181874448,501677.018249337,-209733.192199622,0.850877594220373,0.350632779946451,-87274.7186679154
52.8,-0.780027708974952,-21.3315045154248,20.5514768064498,-0.432423743378918,518908.492054701,-224388.352605404,0.813236354828991,0.341877642707892,-83486.1576050824
52.9,-0.831252747808552,-21.3396492938996,20.508396546091,-0.442499815735457,530999.778882547,-234967.304311095,0.76985249899307,0.330582488080957,-79098.6086830886
53,-0.883341710648754,-21.3478857385359,20.4645440278871,-0.44806276473809,537675.317685707,-240912.289373689,0.721008319924681,0.316811266109778,-74137.6899535591
53.1,-0.935829530038014,-21.3561883692428,20.4203588392048,-0.448966101141713,538759.321370054,-241884.671969268,0.66705809565948,0.30066383616,-68636.7580284239
53.2,-0.98823742493823,-21.3645283376815,20.3762909127432,-0.445149877289342,534179.852747209,-237790.095900859,0.608421098430221,0.282274559322495,-62636.3311532355
53.3,-1.04008093161231,-21.3728734662585,20.3327925346462,-0.436641645720892,523969.97486507,-228787.112133419,0.545573070789215,0.261809881823538,-56183.3329544659
53.4,-1.09087803936729,-21.3811883726394,20.2903103332721,-0.423554970043738,508265.964052485,-215278.575178502,0.479036433669684,0.23946494922573,-49330.1772505248
53.5,-1.14015722464427,-21.3894346797507,20.2492774551064,-0.406085573331442,487302.687997729,-197886.591441511,0.409369536447736,0.215459336959268,-42133.7208596039
53.6,-1.18746518043084,-21.3975713085108,20.2101061280799,-0.384505297308806,461406.356770566,-177413.18839024,0.337155291954974,0.190032026779329,-34654.1169818884
53.7,-1.23237404815441,-21.4055548478605,20.1731807997061,-0.359154122423061,430984.946907672,-154790.020384175,0.262989559093355,0.163435798443682,-26953.6061570087
53.8,-1.27448797573341,-21.4133399941756,20.1388520184422,-0.330430561544325,396516.673853189,-131021.227202997,0.187469641578025,0.135931238728695,-19095.2847295248
53.9,-1.31344884772051,-21.4208800499351,20.1074312022146,-0.298780786622753,358536.943947303,-107123.950145893,0.111183263274364,0.107780593648211,-11141.8919955489
54,-1.34894106065819,-21.4281274696885,20.0791864090303,-0.264686877428432,317624.252914118,-84070.9716993767,0.0346983589902519,0.0792417026724743,-3154.65663665157
54.1,-1.38069524788835,-21.4350344399829,20.0543391920945,-0.228654594763762,274385.513716514,-62739.5084478961,-0.0414460147254147,0.0505622547254621,4807.75934877543
54.2,-1.40849089198545,-21.4415534790217,20.0330625870362,-0.19120107827539,229441.293930467,-43869.4228004059,-0.116747389985276,0.0219745943219873,12690.1851555468
54.3,-1.43215779848881,-21.4476380414643,20.0154802429754,-0.152842852729677,183411.423275612,-28033.125156655,-0.19074601594076,-0.00630871731497212,20441.7057925794
54.4,-1.45157644041431,-21.4532431139321,20.0016666735178,-0.114084498171826,136901.39780619,-15618.3272677407,-0.263029265286189,-0.0340984159052354,28016.2455374464
54.5,-1.46667721784531,-21.4583257874418,19.9916485695965,-0.0754083006976666,90489.9608371996,-6823.69417693162,-0.333234247914031,-0.0612309962086967,35372.9569903044
54.6,-1.47743870948852,-21.4628457940943,19.9854070846058,-0.037265153553841,44718.1842646088,-1666.43000326961,-0.401048632512898,-0.0875700471954117,42476.411135973
54.7,-1.48388502226861,-21.4667659968511,19.9828809745825,-6.69248024731742e-05,80.3097629676036,-0.00537471502327431,-0.466209748745806,-0.113006440106274,49296.592641395
54.8,-1.48608236978148,-21.4700528230462,19.9839704532647,0.035819550382664,-42983.4604591966,-1539.64822753944,-0.528502111620693,-0.137457405597126,55808.7131725753
54.9,-1.48413502984886,-21.4726766343394,19.9885416044905,0.0700767558552039,-84092.1070262443,-5892.9020534278,-0.587753572794182,-0.160864590567715,61992.8633849805
55,-1.47818084482925,-21.4746120280144,19.9964311831851,0.102439024518498,-122926.829422197,-12592.5044931616,-0.643830357966458,-0.183191234675677,67833.5310333343
55.1,-1.46838643527863,-21.4758380667923,20.0074516315137,0.132693339557402,-159232.007468882,-21129.0268354751,-0.696631292617092,-0.204418648178462,73319.0180251709
55.2,-1.45494229780593,-21.476338436562,20.0213961387561,0.160678493773068,-192814.192527681,-30981.0940334182,-0.746081547891498,-0.224542204352921,78440.7929446841
55.3,-1.43805795157933,-21.4761015335646,20.0380435819853,0.186282749312792,-223539.29917535,-41641.515229839,-0.792126252817313,-0.243567079635282,83192.817422945
55.4,-1.41795728522653,-21.4751204845176,20.057163199291,0.209440189450426,-251328.227340511,-52638.2315484364,-0.834724317224207,-0.261503981822304,87570.8846458864
55.5,-1.39487423741439,-21.4733931048786,20.0785188674642,0.230125995601484,-276151.194721779,-63549.5686218886,-0.873842791537351,-0.278365100939509,91572.0062892647
55.6,-1.36904892101294,-21.4709218018624,20.1018728808494,0.248350914818591,-298021.097782308,-74013.8122694768,-0.909452055603747,-0.294160499218298,95193.8803631856
55.7,-1.34072427348764,-21.4677134299071,20.1269891564194,0.264155204256418,-316986.245107701,-83733.5663228998,-0.941522080292872,-0.308895127226164,98434.4670404517
55.8,-1.31014328623537,-21.4637791070051,20.1536358207698,0.277602348562975,-333122.818275569,-92475.6767132153,-0.97001994495075,-0.322566614360849,101291.692814128
55.9,-1.2775468343284,-21.4591340006559,20.1815871663275,0.288772843375356,-346527.412050427,-100067.706085305,-0.994908723704775,-0.335163935925365,103763.295625066
56,-1.24317209696418,-21.453797092165,20.2106249952008,0.297758323150047,-357309.987780055,-106392.022806153,-1.01614777746448,-0.346667008451818,105846.815310353
56.1,-1.20725152925604,-21.4477909276257,20.2405393983697,0.304656285084718,-365587.54210166,-111378.542449945,-1.03369440994381,-0.357047212613944,107539.725265798
56.2,-1.17001231919962,-21.4411413631965,20.2711290439969,0.309565624072447,-371478.748886936,-114997.050728836,-1.0475067690104,-0.366268791746846,108839.693012789
56.3,-1.13167624095259,-21.433877311287,20.3022010703344,0.312583148118147,-375099.777741776,-117249.869384942,-1.05754780298102,-0.374291026320659,109744.94982112
56.4,-1.09245979803648,-21.4260304930304,20.3335706949939,0.31380119144559,-376561.429734708,-118165.425303206,-1.06379001874175,-0.381071043059068,110254.743040299
56.5,-1.05257453854654,-21.4176352010218,20.3650606624753,0.313306385865445,-375967.663038533,-117793.06970888,-1.0662207379864,-0.386567083732876,110369.839657409
56.6,-1.01222741951128,-21.4087280748086,20.3965006552973,0.311179592191504,-373415.510629804,-116199.286315765,-1.0648475120996,-0.390742034502923,110093.046089109
56.7,-0.971621099453376,-21.3993478901011,20.4277267906477,0.307496934897855,-368996.321877425,-113465.237965891,-1.05970333724475,-0.393567003025119,109429.707510927
56.8,-0.930954046930886,-21.3895353612058,20.4585813142749,0.302331827015366,-362798.192418438,-109685.440351739,-1.05085131027441,-0.395024727809935,108388.150225083
56.9,-0.890420368025634,-21.3793329548276,20.488912586802,0.295757820533381,-354909.384640056,-104967.226087986,-1.03838838355683,-0.395112612461121,106980.032675052
57,-0.850209276728567,-21.3687847122165,20.518575435488,0.287852072203536,-345422.486644242,-99430.5785662433,-1.02244791225669,-0.393845195810907,105220.574646848
57.1,-0.810504157991986,-21.3579360756816,20.5474319176896,0.278699177395209,-334439.01287425,-93207.877776919,-1.00320073972775,-0.391255896576676,103128.639782246
57.2,-0.771481202662414,-21.3468337148206,20.5753525121582,0.26839509716493,-322074.116597915,-86443.1138186065,-0.980854633371006,-0.38739790655791,100726.653516962
57.3,-0.733307625148537,-21.3355253474321,20.6022177222836,0.257050887503915,-308461.065004697,-79290.1905198604,-0.955651961750767,-0.382344147837771,98040.3466273159
57.4,-0.696139506935548,-21.3240595500167,20.6279200430811,0.244795936210318,-293755.123452381,-71910.0604621032,-0.927865590467651,-0.376186254997159,95098.3233475888
57.5,-0.66011934026168,-21.312485553036,20.6523662127743,0.231780423169419,-278136.507803302,-64466.5974775135,-0.897793065279365,-0.369032590906107,91931.4620947481
57.6,-0.625373374745742,-21.3008530166867,20.675479641941,0.21817674483248,-261812.093798976,-57121.3103828365,-0.865749241902003,-0.361005352100394,88572.1657753947
57.7,-0.592008893890213,-21.2892117838322,20.697202889942,0.20417968363662,-245015.620363943,-50027.21185194,-0.832057608320596,-0.352236864993872,85053.4870202562
57.8,-0.560111566734207,-21.2776116079048,20.7175000411706,0.190005157524084,-228006.189028901,-43322.3518629025,-0.797040622841137,-0.342865215252092,81408.1610827337
57.9,-0.529743031288973,-21.2661018549968,20.7363588237078,0.175887452174612,-211064.942609534,-37123.6749989715,-0.761009455361128,-0.333029387781992,77667.5851777695
58,-0.500938869866971,-21.2547311809448,20.7537923110779,0.162074916557166,-194489.899868598,-31521.9342924146,-0.724253566770895,-0.322864122447381,73860.7874102061
58.1,-0.473707131506885,-21.2435471859256,20.7698400544187,0.148824187333936,-178589.024800723,-26578.3664827278,-0.687030589113171,-0.312494709572587,70013.430904279
58.2,-0.448027543319192,-21.2325960508259,20.7845685075067,0.136393094918868,-163671.713902641,-22323.6916098566,-0.649556975153559,-0.302031958659127,66146.8991383029
58.3,-0.423851531092456,-21.2219221613597,20.7980706302673,0.125032488292469,-150038.985950962,-18759.7477543275,-0.611999869472167,-0.291567572994472,62277.5067437722
58.4,-0.401103140711903,-21.2115677274713,20.8104645867594,0.114977291375321,-137972.749650385,-15863.7330384065,-0.574470614384795,-0.281170151848373,58415.8761759609
58.5,-0.379680917056131,-21.2015724068991,20.821891489843,0.106437165425078,-127724.598510093,-13594.6442204705,-0.5370202444492,-0.270882020998763,54566.5148314071
58.6,-0.359460757608399,-21.1919729427942,20.8325121851858,0.0995871948393183,-119504.633807182,-11901.1312511572,-0.499637245653101,-0.260717062070471,50727.6195984905
58.7,-0.340299715862102,-21.182802825902,20.8425031100399,0.0945590344510472,-113470.841341256,-10729.6931955772,-0.462247763251625,-0.250659672655895,46891.126789578
58.8,-0.322040686697292,-21.1740919919835,20.8520513052862,0.0914329530560704,-109719.543667284,-10031.9818854643,-0.424718340035158,-0.240664943831669,43043.0153011777
58.9,-0.304517864294255,-21.1658665648211,20.8613487005268,0.0902311805159903,-108277.416619188,-9769.99912477104,-0.386861159486512,-0.230660091234319,39163.8601265622
59,-0.287562824815545,-21.1581486543297,20.8705858295142,0.0909129161840577,-109095.499420869,-9918.18999490737,-0.348441660967044,-0.220547122341282,35229.6224891374
59.1,-0.27101105285919,-21.1509562179965,20.8799451651373,0.0933712880752854,-112045.545690342,-10461.8369242055,-0.309188291812816,-0.210206668275615,31212.6523799931
59.2,-0.254708704143567,-21.144302992149,20.8895942880054,0.097432469841675,-116918.96381001,-11391.7034153387,-0.268804068728565,-0.199502855715121,27082.8696711565
59.3,-0.238519378292839,-21.1381984974916,20.8996791191988,0.102857071610871,-123428.485933045,-12695.4926164367,-0.226979542260787,-0.188289045795597,22809.0817097599
59.4,-0.222330665841881,-21.1326481210381,20.9103174551962,0.109343826627405,-131212.591952885,-14347.2869058286,-0.183406696776746,-0.176414224655701,18360.3887965155
59.5,-0.206060233164447,-21.1276532741259,20.9215930409614,0.116535503535389,-139842.604242466,-16296.6283010958,-0.137793276769362,-0.163729796705567,13707.6245561831
59.6,-0.189661218028803,-21.1232116237294,20.9335504057006,0.124026888399295,-148832.266079153,-18459.2028552132,-0.0898770100187158,-0.150096508738857,8824.77616190063
59.7,-0.173126726584144,-21.1193173919111,20.9461906653269,0.13137460447506,-157649.525370072,-20711.1440411741,-0.0394391998048794,-0.135391222145954,3690.32980896344
59.8,-0.156493249083393,-21.1159617160511,20.9594684669677,0.138108473515027,-165730.168218032,-22888.740547981,0.013682818289661,-0.11951325267616,-1711.51024827262
59.9,-0.139842845518142,-21.113133060566,20.9732902150479,0.143744071212632,-172492.885455158,-24794.8296105386,0.069584815561543,-0.102390012748254,-7389.77550433155
60,-0.123303992248317,-21.1108176692198,20.9875136769714,0.147796091679496,-177355.310015395,-26212.4216588808,0.128286803429214,-0.0839817198220304,-13345.8988746282
60.1,-0.107051025078331,-21.109000045894,21.0019490208157,0.149792111507316,-179750.533808778,-26925.212003784,0.189726480378422,-0.0642849746844332,-19573.1221167052
60.2,-0.0913021613043909,-21.1076634508371,21.0163612895327,0.149286332676195,-179143.599211434,-26743.6909486891,0.253755221200998,-0.0433350638251146,-26056.1644687856
60.3,-0.0763161311584213,-21.1067903989709,21.0304742678124,0.145872884982451,-175047.46197894,-25534.6782877239,0.32013673733472,-0.0212068978891697,-32771.1608089006
60.4,-0.0623874958808344,-21.1063631467909,21.04397565091,0.139198282505317,-167037.939006381,-23251.3942229161,0.388548432924945,0.00198543950801716,-39685.8663036417
60.5,-0.0498407734809021,-21.1063641547504,21.0565233812695,0.12897265472492,-154767.185669904,-19960.7348001522,0.458585377257805,0.0260904948963048,-46760.1136002465
60.6,-0.0390235323189039,-21.1067765127491,21.0677529804302,0.114979411012939,-137975.293215526,-15864.3179482587,0.52976671518807,0.0509225012490698,-53946.4986824032
60.7,-0.0302986454021728,-21.1075843174402,21.0772856720381,0.0970830468803678,-116499.656256441,-11310.1415898908,0.601544247716128,0.0762655334918669,-61191.2630628043
60.8,-0.0240359234440817,-21.1087729914993,21.0847370680552,0.0752348606820059,-90281.8328184069,-6792.34111420899,0.673312839208249,0.101878562969182,-68435.3334377966
60.9,-0.0206033613630296,-21.1103295367255,21.0897261753624,0.0494764189148354,-59371.7026978024,-2937.49923436353,0.744422249528409,0.127501175892223,-75615.4755794381
61,-0.0203582404815066,-21.112242714841,21.0918844743595,0.0199406845383045,-23928.8214459653,-477.15707982741,0.814189951308386,0.152859699527857,-82665.5172519661
61.1,-0.0236383271490688,-21.1145031520439,21.0908648248948,-0.0131491971227719,15779.0365473263,-207.481661968215,0.881914476383584,0.177673473152997,-89517.5953341216
61.2,-0.0307533982355856,-21.1171033657021,21.0863499674666,-0.0494833799908065,59380.0559889677,-2938.32587437746,0.946888841474914,0.201661008734009,-96103.38498433
61.3,-0.0419773057243376,-21.1200377139602,21.0780604082359,-0.0886709149298455,106405.097915814,-9435.03738539504,1.00841363059163,0.224545808106243,-102355.27334821
61.4,-0.0575407676566932,-21.1233022713788,21.0657615037222,-0.130247243440414,156296.692128496,-20357.2133085917,1.0658093581608,0.246061637453252,-108207.446609512
61.5,-0.0776250424146063,-21.1268946359495,21.0492695935349,-0.173683310266853,208419.972320223,-36199.0707183021,1.11842779918483,0.265957103684456,-113596.866671435
61.6,-0.10235660944894,-21.1308136748245,21.0284570653756,-0.218395975532675,262075.170639209,-57236.1625546423,1.16566204648011,0.283999427859089,-118464.121914805
61.7,-0.131802943837076,-21.1350592177993,21.0032562739622,-0.26375938149964,316511.257799567,-83482.8135948867,1.20695513531642,0.299977364701429,-122754.144781618
61.8,-0.165969436230679,-21.1396317089043,20.9736622726736,-0.309116921152109,370940.30538253,-114663.925131071,1.24180715735078,0.313703270955816,-126416.796859411
61.9,-0.204797475459507,-21.1445318273668,20.9397343519073,-0.35379346508428,424552.158101135,-150203.779123609,1.26978086353832,0.325014375402031,-129407.32922351
62,-0.2481636797033,-21.1497600896582,20.9015964099549,-0.397107527905155,476529.033486185,-189233.266462732,1.29050582509784,0.333773346689116,-131686.73163474
62.1,-0.295880234859894,-21.1553164443581,20.8594362094982,-0.438383092793234,526059.711351879,-230615.683256352,1.30368127881245,0.339868289182502,-133221.988491543
62.2,-0.347696276325568,-21.1611998711647,20.8135035948391,-0.476960859361629,572353.031233954,-272989.99363558,1.3090778252067,0.343212319884519,-133986.262011331
62.3,-0.403300233311668,-21.1674079946183,20.7641077613067,-0.512208731631454,614650.477957744,-314829.341711403,1.3065381739182,0.343742890112844,-133959.023898749
62.4,-0.462323043152445,-21.1739367220385,20.7116136788861,-0.543531415595392,652237.698714469,-354511.679686956,1.2959771395793,0.341421013783727,-133126.155798159
62.5,-0.524342136593773,-21.1807799138949,20.6564377773011,-0.570379045821791,684454.854986147,-390398.707095091,1.27738108464287,0.336230550460879,-131480.036282847
62.6,-0.588886093292608,-21.1879290934158,20.5990430001232,-0.592254804640743,710705.76556889,-420918.904344053,1.25080698477097,0.328177667175935,-129019.628256302
62.7,-0.655439868985567,-21.1953732007738,20.5399333317883,-0.608721533326502,730465.8399918,-444650.28616244,1.21638126042951,0.317290570428465,-125750.575757442
62.8,-0.72345050112915,-21.203098395746,20.4796478946168,-0.619407360947943,743288.83313753,-460398.574555793,1.17429847852645,0.303619561248148,-121685.313647506
62.9,-0.792333207315334,-21.2110879114067,20.4187547040913,-0.62401039277074,748812.471324886,-467266.76434307,1.12481998389962,0.287237424570138,-116843.187912246
63,-0.861477799450601,-21.2193219602079,20.3578441607573,-0.622302506731903,746763.008078282,-464712.491861772,1.06827247579041,0.268240122368782,-111250.57873894
63.1,-0.930255345623163,-21.2277776927819,20.2975223471588,-0.614132304799747,736958.765759695,-452590.185358379,1.00504650244933,0.246747720862242,-104941.013499189
63.2,-0.998025019943515,-21.2364292089788,20.2384041890353,-0.599427257778008,719312.709333608,-431175.644840714,0.935594810543511,0.222905448225855,-97955.2526154307
63.3,-1.06414108774022,-21.2452476200169,20.1811065322767,-0.578195069458816,693834.083350578,-401171.446015782,0.860430457271704,0.19688475280153,-90341.3282787442
63.4,-1.12795997881326,-21.2542011601774,20.1262411813641,-0.550524271249701,660629.12549964,-363692.367882017,0.780124573511412,0.168884214393189,-82154.5143091996
63.5,-1.18884740466944,-21.2632553461672,20.0744079414977,-0.516584043693276,619900.85243193,-320230.889038195,0.695303656644052,0.139130153905078,-73457.2052159534
63.6,-1.24618547666058,-21.2723731820852,20.0261877054247,-0.476623248617689,571947.898341225,-272603.665347454,0.606646271933208,0.107876789666709,-64318.6837443926
63.7,-1.29937978077523,-21.2815154077982,19.982135627023,-0.43096864658385,517162.375900619,-222880.769205978,0.51487905084063,0.0754058020012353,-54814.7588302298
63.8,-1.3478663617234,-21.2906407884272,19.9427744267038,-0.380022269965942,456026.723959129,-173300.31080408,0.420771892322581,0.042025190034561,-45027.2597768242
63.9,-1.39111856426658,-21.2997064425164,19.9085878782498,-0.324257923068602,389109.507682322,-126171.840807316,0.325132297461753,0.00806733498628837,-35043.3774272312
64,-1.42865367394889,-21.3086682062628,19.8800145323139,-0.264216787327411,317060.144792892,-83772.6128467416,0.228798797058974,-0.0261137796118603,-24954.8488591412
64.1,-1.46003929301328,-21.3174810309111,19.8574417378978,-0.200502121601361,240602.545921633,-48241.3209199762,0.132633464277814,-0.0601462002939821,-14856.9883949731
64.2,-1.48489938089885,-21.3260994100314,19.8412000291325,-0.13377306420715,160527.67704858,-21474.2792488445,0.0375135384196593,-0.0936444565919892,-4847.57417741263
64.3,-1.5029198828607,-21.3344778329132,19.8315579500525,-0.0647375637094929,77685.0764513916,-5029.14258604879,-0.0556777801054568,-0.126214761685011,4974.39410328729
64.4,-1.51385386544045,-21.3425712597298,19.8287173942894,0.00585551163245455,-7026.61395894528,-41.1444197733716,-0.146061270829597,-0.157460850099521,14510.0448318259
64.5,-1.51752607418473,-21.3503356134774,19.8328095392927,0.0772250118298774,-92670.0141958532,-7156.44294254967,-0.232772247074927,-0.186990308887186,23662.0647269374
64.6,-1.51383682751878,-21.357728283022,19.8438914555032,0.148566792901339,-178280.151481607,-26486.5103435873,-0.314971571950787,-0.214421232352377,32336.1787386017
64.7,-1.50276516130036,-21.3647086309248,19.8619434696244,0.21906353485256,-262876.241823071,-57586.5987625183,-0.391856961958245,-0.239389011818491,40442.6454115704
64.8,-1.48437114148247,-21.3712384991239,19.8868673576414,0.287894951710997,-345473.942053195,-99460.2038648125,-0.462674383636305,-0.261553061878192,47897.7316074944
64.9,-1.45879726759524,-21.3772827050762,19.918485437481,0.354248241243897,-425097.889492675,-150590.179709273,-0.526729332759799,-0.280603283358913,54625.1298459028
65,-1.42626889744081,-21.382809520642,19.9565406232012,0.417328613242677,-500794.335891211,-208995.805717267,-0.583397773964356,-0.296266070674884,60557.2822035723
65.1,-1.38709363344515,-21.3877911258766,20.0006974924314,0.476369732525071,-571643.679030084,-272313.746479209,-0.63213651153374,-0.308309686717997,65636.5766541958
65.2,-1.34165962344823,-21.392204029984,20.0505444065358,0.530643916189227,-636772.699427071,-337899.558946367,-0.672492759697362,-0.316548850967136,69816.3848374853
65.3,-1.29043274322548,-21.3960294520029,20.1055967087775,0.579471933715154,-695366.320458182,-402945.266356294,-0.704112683476349,-0.320848414764343,73061.914378211
65.4,-1.23395264457421,-21.399253654315,20.1653010097408,0.622232272267828,-746678.726721392,-464607.6007819,-0.726748689263883,-0.321126030185907,75350.8538567304
65.5,-1.17282767118996,-21.4018682227686,20.2290405515787,0.65836974654242,-790043.695850902,-520140.867794795,-0.740265258322627,-0.317353753963751,76673.7941644221
65.6,-1.10772866457812,-21.4038702880525,20.2961416234743,0.68740335087194,-824884.021046326,-567028.040147964,-0.744643136574225,-0.309558563785695,77034.416046083
65.7,-1.03938170361479,-21.4052626838836,20.3658809802688,0.708933269089386,-850719.922907261,-603103.656026115,-0.739981720665594,-0.297821799373603,76449.4399164594
65.8,-0.968559843732614,-21.4060540385463,20.4374941948137,0.72264697287693,-867176.367452314,-626662.376889827,-0.726499513341871,-0.282277573494089,74948.3403210773
65.9,-0.896073944614599,-21.4062587972758,20.5101848526612,0.728324350469348,-873989.220563216,-636547.631383917,-0.7045325603743,-0.263110227193071,72572.8334826761
66,-0.822762698181208,-21.4058971738919,20.5831344757107,0.725841813638243,-871010.176365889,-632215.606110782,-0.674530826078794,-0.240550928022051,69376.1520390385
66.1,-0.749481990898722,-21.404995030922,20.6555130400233,0.715175331703664,-858210.398044395,-613770.906092933,-0.63705251383388,-0.214873529100736,65422.1261612899
66.2,-0.67709375526951,-21.4035836882015,20.726489932932,0.696402337649118,-835682.805178939,-581971.459059785,-0.592756390593972,-0.186389820117211,60784.0945939784
66.3,-0.606454483967219,-21.4016996606143,20.7952451766471,0.669702444900351,-803642.933880419,-538201.637646608,-0.542392228462988,-0.155444308702854,55543.6726582639
66.4,-0.538403595598517,-21.3993843262585,20.86098073066,0.635356906361941,-762428.287634328,-484414.078154179,-0.486789529911472,-0.122408672235257,49789.4068181981
66.5,-0.473751852671274,-21.3966835269291,20.9229316742579,0.593746742756815,-712496.091308176,-423042.233441192,-0.426844753949046,-0.0876760164871422,43615.3469730292
66.6,-0.413270039267992,-21.3936471034433,20.9803770641753,0.545349468154478,-654419.361785371,-356887.250899645,-0.363507306181532,-0.0516550693424043,37119.5681882266
66.7,-0.357678107537808,-21.3903283690391,21.0326502615012,0.490734349460238,-588881.219352285,-288984.242088195,-0.297764593927399,-0.0147644258969823,30402.6731349046
66.8,-0.30763499800506,-21.3867835248841,21.079148526879,0.430556155499317,-516667.38659918,-222454.323646022,-0.23062647639621,0.0225730533886444,23566.3051295124
66.9,-0.263729328661586,-21.383071022662,21.1193416940004,0.365547381027303,-438656.857232762,-160349.865331104,-0.163109457667715,0.0599356062166463,16711.6994468393
67,-0.226471131958725,-21.3792508802583,21.1527797482995,0.296508971105743,-355810.765326891,-105501.083935424,-0.0962209756910131,0.0969076255544705,9938.29764546586
67.1,-0.196284797527571,-21.3753839577295,21.1790991602019,0.224299620028475,-269159.54403417,-60372.3834539019,-0.0309441332120615,0.133084359232352,3342.44614850791
67.2,-0.173503352398914,-21.3715312019576,21.1980278495587,0.149823773376236,-179788.528051482,-26936.5956824322,0.031776803401111,0.168076217050428,-2983.80356362797
67.3,-0.158364180585252,-21.367752869621,21.2093886890357,0.0740185178831514,-88822.2214597819,-6574.4891875421,0.0910498431412736,0.20151266494249,-8953.77988361602
67.4,-0.15100625124375,-21.3641077392627,21.213101488019,-0.00216040282890355,2592.48339468376,-5.60080845976027,0.146047394682224,0.233045698251924,-14487.1519767585
67.5,-0.151468890510031,-21.3606523242456,21.2091834337356,-0.0777531624197093,93303.7949036515,-7254.66511951886,0.196016873340494,0.262352896379478,-19510.7614456818
67.6,-0.159692097782482,-21.3574400991509,21.1977480013684,-0.151810696678982,182172.836014778,-27655.7851513894,0.240289643043682,0.289140068854405,-23959.3231805178
67.7,-0.175518374023341,-21.3545207526564,21.1790023786331,-0.223409479041826,268091.374850191,-59894.1543908879,0.278288203067764,0.313143508305938,-27775.9969725126
67.8,-0.198695998700227,-21.3519394800479,21.1532434813477,-0.291665881940429,349999.058328514,-102082.784025706,0.309531586014182,0.334131869040805,-30912.8340486167
67.9,-0.228883664322392,-21.3497363282501,21.1208526639277,-0.355749790618776,426899.748742531,-151869.496230364,0.333638986635756,0.351907691223067,-33331.1046099518
68,-0.265656353908167,-21.3479456056042,21.082289251696,-0.414897162638857,497876.595166627,-206567.586678928,0.350331688154536,0.366308590314432,-35001.5136899703
68.1,-0.308512327673139,-21.3465953675751,21.038083039902,-0.468421265657454,562105.518788943,-263302.178544157,0.359433391631139,0.377208129791351,-35904.3131900502
68.2,-0.356881070998885,-21.3457069881898,20.9888259171909,-0.515722374815943,618866.84977913,-319163.481462955,0.360869083373929,0.384516392520815,-36029.3178417258
68.3,-0.410132046309158,-21.3452948253445,20.9351627790354,-0.556295765398717,667554.918478458,-371357.974320652,0.354662594657078,0.38818026282762,-35375.8321632855
68.4,-0.467584086582033,-21.3453659862459,20.8777818996638,-0.589737892336931,707685.470804316,-417348.937989606,0.340933017201426,0.388183427458039,-33952.4943347339
68.5,-0.528515267397836,-21.3459201972444,20.8174049298465,-0.615750702062623,738900.842475146,-454978.712508735,0.319890137673136,0.384546099536711,-31777.0414475378
68.6,-0.592173097050214,-21.3469497802724,20.7547766832222,-0.634144071237023,760972.885484426,-482566.443702079,0.291829046142928,0.377324465400509,-28875.9989533805
68.7,-0.657784869625253,-21.3484397360697,20.6906548664445,-0.644836408979158,773803.690774987,-498976.793214161,0.25712405871848,0.366609850049264,-25284.2955110919
68.8,-0.724568033345342,-21.3503679324518,20.6257998991064,-0.647853493401584,777424.192081899,-503656.978695162,0.21622207538422,0.352527593077271,-21044.8029879145
68.9,-0.791740435171231,-21.3527053940838,20.5609649589126,-0.643325639476418,771990.7673717,-496641.454089289,0.16963547254939,0.335235623587195,-16207.8002781334
69,-0.858530312025952,-21.3554166886162,20.4968863765903,-0.631483314270906,757779.977125085,-478525.41144308,0.117934607993765,0.314922720047798,-10830.3590090242
69.1,-0.924185908534277,-21.3584604026132,20.4342744940789,-0.612651328743904,735181.594492683,-450409.980734004,0.0617399957529381,0.291806439712266,-4975.6492332281
69.2,-0.987984610491946,-21.3617896994886,20.3738050889966,-0.587241744212557,704690.093055066,-413823.439374966,0.00171419171341569,0.266130702489826,1287.83605733703
69.3,-1.04924149217754,-21.3653529506223,20.3161114584447,-0.555745637926877,666894.76551225,-370623.8568897,-0.0614465812982039,0.238163016505618,7887.13727900609
69.4,-1.10731718403985,-21.369094429957,20.2617772459172,-0.518723877345614,622468.652814734,-322889.35311416,-0.127021046293346,0.208191337411734,14745.7629327695
69.5,-1.16162497531911,-21.3729550616508,20.2113300863317,-0.476797057701327,572156.469241591,-272802.52107917,-0.194271699773972,0.176520561159902,21784.6971944589
69.6,-1.21163707398996,-21.3768732097541,20.1652361357642,-0.43063476278726,516761.715344711,-222535.558705008,-0.2624538241788,0.143468660596453,28923.471574929
69.7,-1.25688995433192,-21.3807854983933,20.1238955440614,-0.380944314598414,457133.177518096,-174142.284989826,-0.33082464143868,0.109362489861852,36081.2880028321
69.8,-1.29698873076918,-21.3846276505555,20.0876389197863,-0.328459183086503,394151.019703802,-129462.521944623,-0.398652544522877,0.0745332968727641,43178.1767185675
69.9,-1.33161050571929,-21.3883353333056,20.0567248275864,-0.273927232120661,328712.678544792,-90043.3541967433,-0.46522631975499,0.0393120025374427,50136.1684908464
70,-1.36050664937109,-21.391844997126,20.0313383477549,-0.218098980939794,261718.777127752,-57080.5985843719,-0.529864245525989,0.00402432490294291,56880.457143731
70.1,-1.38350398084881,-21.3950946970854,20.0115907162366,-0.16171606115637,194059.273387644,-31382.501323117,-0.591922924871071,-0.0310141540269507,63340.5254825654
70.2,-1.40050483331277,-21.3980248837449,19.9975200504321,-0.105500047162504,126600.056595005,-13356.3119415487,-0.650805682583711,-0.0655028629347072,69451.2056893944
70.3,-1.41148600030677,-21.4005791521062,19.9890931517995,-0.0501418323617284,60170.1988340734,-3017.04402310998,-0.705970334708574,-0.0991609262412129,75153.6443493771
70.4,-1.41649657709898,-21.4027049375404,19.9862083604414,0.00370828486584641,-4449.94183901591,-16.5016519755195,-0.756936122033523,-0.131731517830119,80396.1426492571
70.5,-1.41565472876969,-21.4043541484892,19.9886994197195,0.0554496527023864,-66539.5832428637,-3689.59678177832,-0.803289592095614,-0.162985736957764,85134.8440748813
70.6,-1.40914343615256,-21.4054837268208,19.9963402906682,0.104539315268485,-125447.178322182,-13114.1621241645,-0.844689218371425,-0.192725862235478,89334.2451703214
70.7,-1.3972052910824,-21.4060561280078,20.0088508369254,0.150498934478829,-180598.721374594,-27179.9151351152,-0.880868562299969,-0.220787849877168,92967.5095666542
70.8,-1.38013643325886,-21.4060397147668,20.025903281508,0.192920473928324,-231504.568713989,-44661.9711128751,-0.911637814365632,-0.247042960969149,96016.5714174781
70.9,-1.35827974179019,-21.4054090593901,20.0471293175999,0.231470549549231,-277764.659459077,-64294.3383703476,-0.936883594486786,-0.271398429108557,98472.0213791308
71,-1.33201741439958,-21.4041451516846,20.072127737285,0.265893367344771,-319072.040813725,-84839.1393575294,-0.956566948218932,-0.293797113548054,100332.776056698
71.1,-1.30176308552296,-21.4022355111543,20.1004724256314,0.296012184991355,-355214.621989625,-105147.856396027,-0.970719541552505,-0.314216122579061,101605.540047497
71.2,-1.26795365019317,-21.3996742037717,20.1317205535785,0.321729252448041,-386075.102937648,-124211.65425693,-0.979438130166463,-0.332664435371607,102304.077950001
71.3,-1.23104097275594,-21.3964617653601,20.1654207926042,0.343024208090016,-411629.049708019,-141198.728802939,-0.98287745489997,-0.349179595549301,102448.321541765
71.4,-1.19148366719124,-21.3926050352114,20.2011213680202,0.359950932461909,-431941.118954289,-155477.608536237,-0.981241789398282,-0.363823593836667,102063.344338994
71.5,-1.14973913830984,-21.3881169050783,20.2383777667684,0.372632892414628,-447159.470897552,-166626.327011149,-0.974775433624515,-0.376678097509459,101178.241534634
71.6,-1.10625606971147,-21.3830159900983,20.2767599203868,0.381257044480497,-457508.453376595,-174428.320759204,-0.963752503585437,-0.387839218541034,99824.9575258236
71.7,-1.06146753471697,-21.3773262295107,20.3158586947937,0.386066407420077,-463279.688904091,-178856.725125893,-0.94846640906596,-0.397412037985798,98037.1056166245
71.8,-1.01578489039579,-21.3710764262096,20.3552915358138,0.387351458618601,-464821.75034232,-180049.382992749,-0.92921943409852,-0.405505119440213,95848.8248446928
71.9,-0.969592592511425,-21.364299735222,20.3947071427106,0.38544055522521,-462528.666270251,-178277.305934781,-0.906312837110651,-0.412225248126913,93293.7171662036
72,-0.923244041251039,-21.3570331120835,20.4337890708325,0.380689625694001,-456827.5508328,-173909.509333246,-0.880037868301673,-0.417672623698056,90403.9044916723
72.1,-0.877058534886991,-21.3493167327781,20.4722581978911,0.373471417326412,-448165.700791694,-167377.079471759,-0.850668061304534,-0.42193671442639,87209.2394594369
72.2,-0.83131937223154,-21.3411933973815,20.50987402515,0.364164617051514,-436997.540461816,-159139.041974731,-0.818453096487542,-0.425092948958028,83736.6966314605
72.3,-0.786273106335106,-21.3327079297564,20.5464348234213,0.353143182821941,-423771.819386328,-149652.129088333,-0.783614457506469,-0.427200380835088,80009.9623553204
72.4,-0.742129912950034,-21.3239065855665,20.5817766726165,0.340766229108771,-408919.474930524,-139345.947481213,-0.746343015139309,-0.428300412740519,76049.2322831657
72.5,-0.69906499951972,-21.3148364804741,20.6157714809544,0.327368800455975,-392842.560547169,-128604.39781438,-0.706798577979784,-0.428416614502709,71871.2159434255
72.6,-0.657220945518901,-21.3055450496434,20.6483241041245,0.313253841442977,-375904.609731572,-117753.563014538,-0.665111353583556,-0.427555614239908,67489.3383112044
72.7,-0.616710834408938,-21.2960795486055,20.6793687141966,0.29868563042648,-358422.756511775,-107055.726987916,-0.621385171530889,-0.42570898864338,62914.1194944925
72.8,-0.577622012625334,-21.2864866041452,20.7088645915199,0.283884889923897,-340661.867908675,-96708.7568725232,-0.575702236636617,-0.422856029230212,58153.7058833595
72.9,-0.540020292953123,-21.2768118222074,20.7367915292542,0.269025721219048,-322830.865462857,-86849.8064129147,-0.528129110596777,-0.418967219118296,53214.519773923
73,-0.503954409112072,-21.2670994579246,20.7631450488125,0.254234438137072,-305081.325764486,-77562.1794418472,-0.478723567199465,-0.414008221744048,48101.9898716292
73.1,-0.469460525754371,-21.2573921508163,20.787931625062,0.239590298735175,-287508.358482209,-68884.2134976124,-0.427541932250592,-0.407944160665465,42821.3223958381
73.2,-0.436566613387786,-21.2477307260775,20.8111641126897,0.2251280577424,-270153.669290879,-60819.1708594382,-0.37464650580424,-0.400743959233052,37378.2718405412
73.3,-0.405296510633086,-21.2381540607429,20.8328575501098,0.210842190616832,-253010.628740198,-53345.3152129253,-0.320112671190171,-0.392384510835908,31779.8717764052
73.4,-0.375673516023834,-21.228699011467,20.8530254954432,0.196692575338535,-236031.090406241,-46425.563031966,-0.264035321630301,-0.382854464300484,26035.0892844902
73.5,-0.34772337728575,-21.2194003987747,20.871677021489,0.182611363252319,-219133.635902783,-40016.2919866445,-0.206534278876979,-0.372157433822171,20155.3714739009
73.6,-0.321476576473231,-21.2102910409874,20.8888144645141,0.168510727536977,-202212.873044372,-34075.0383540494,-0.147758436422356,-0.360314476932267,14155.0587557128
73.7,-0.296969843096008,-21.2014018296735,20.9044319865775,0.154291148691589,-185149.378429906,-28566.910277484,-0.08788842894621,-0.347365725340565,8051.64676361832
73.8,-0.274246862928109,-21.1927618374565,20.9185149745284,0.139849881654624,-167819.857985549,-23469.5872785748,-0.0271377059266008,-0.333371099586897,1865.88662810941
73.9,-0.253358186001808,-21.1843984483674,20.9310402623656,0.125089249072331,-150107.098886796,-18776.7842801754,0.0342480332978928,-0.318410086622919,-4378.27869017379
74,-0.234360371825343,-21.1763375006813,20.9419771288559,0.109924419516674,-131909.303420008,-14500.0536072932,0.0959930072446138,-0.302580607030864,-10653.9365292236
74.1,-0.217314441694594,-21.1686034323101,20.9512889906155,0.0942903573065439,-113148.428767852,-10668.8057771948,0.157795013171658,-0.285997042996926,-16931.5724686805
74.2,-0.202283735821901,-21.1612194193509,20.958935683529,0.0781476707108586,-93777.2048530302,-7328.47012503934,0.219330405675211,-0.268787537097261,-23179.5652022108
74.3,-0.189331295817144,-21.1542074992563,20.9648762034392,0.0614871359609867,-73784.5631531839,-4536.80146642183,0.280260162503555,-0.251090703533142,-29364.7844121215
74.4,-0.178516910017599,-21.1475886712825,20.9690717612649,0.0443327335196048,-53199.2802235255,-2358.46951358434,0.340236765014594,-0.233051916282112,-35453.2640568827
74.5,-0.169893969748173,-21.1413829683181,20.9714889985699,0.0267430979434432,-32091.7175321318,-858.231945135114,0.398911593016776,-0.214819351897164,-41410.9213020632
74.6,-0.163506288577292,-21.1356094958441,20.9721032072668,0.0088113506697276,-10573.6208036732,-93.1678807498914,0.455942521095555,-0.19653996816391,-47204.2906448729
74.7,-0.159385034090128,-21.1302864355505,20.9709014014604,-0.0093366467838742,11203.976140649,-104.607567800194,0.511001405827723,-0.17835559387595,-52801.2435401026
74.8,-0.157545912992386,-21.1254310129679,20.9678850999755,-0.0275455163634597,33054.6196361514,-910.506566075545,0.563781169679149,-0.160399290500787,-58171.6658979564
74.9,-0.157986736104473,-21.1210594302787,20.9630726941743,-0.0456349012536062,54761.8815043274,-2499.05305491167,0.614002216362068,-0.142792124818417,-63288.0690012063
75,-0.160685470846339,-21.1171867671828,20.9565012963365,-0.0634051040011273,76086.1248013527,-4824.24865607252,0.661417951936541,-0.125640464394684,-68126.1134465628
75.1,-0.165598866157019,-21.1138268542297,20.9482279880727,-0.0806435702667985,96772.284320158,-7804.06251045127,0.705819233496725,-0.109033876884097,-72665.0303934269
75.2,-0.172661709561037,-21.1109921243384,20.9383304147773,-0.0971319348697894,116558.321843747,-11321.5353258588,0.74703762013861,-0.093043681600967,-76887.9294333481
75.3,-0.181786749465278,-21.108693449247,20.9269066997817,-0.112653331469417,135183.9977633,-15228.9277093901,0.78494735620986,-0.0777221694580491,-80781.9875132782
75.4,-0.192865288920828,-21.1069399683387,20.9140746794179,-0.126999665579639,152399.598695566,-19354.6980688081,0.819466071799987,-0.0631024769801045,-84338.5183132259
75.5,-0.205768431134526,-21.1057389176494,20.8999704865149,-0.139978562300133,167974.274760159,-23512.7974843345,0.850554237454518,-0.0491990731168527,-87552.926083722
75.6,-0.220348932983374,-21.1050954668763,20.884746533893,-0.151419724158611,181703.668990333,-27513.5194371238,0.878213456942173,-0.0360087951243148,-90424.5520193022
75.7,-0.23644360154557,-21.1050125718848,20.8685689703393,-0.16118046916777,193416.563001324,-31174.972369371,0.902483721759784,-0.0235123525905138,-92956.4246532106
75.8,-0.253876150920618,-21.1054908495766,20.851614698656,-0.169150262485147,202980.314982176,-34334.1735585529,0.923439782620105,-0.0116762070922789,-95154.9284226187
75.9,-0.272460422879043,-21.1065284810806,20.8340680582016,-0.175254104446286,210304.925335542,-36856.8013503235,0.941186815660077,-0.000454728951771566,-97029.4064327067
76,-0.292003865474591,-21.1081211481048,20.8161172826302,-0.179454690544063,215345.628652875,-38644.7831499183,0.955855574284304,0.0102074682471558,-98591.7145409077
76.1,-0.3123111587803,-21.1102620060004,20.7979508472201,-0.181753312438416,218103.974926098,-39641.1198988035,0.967597221659186,0.0203731109467441,-99855.7442220005
76.2,-0.333187876297849,-21.1129416957063,20.7797538194084,-0.182189520712478,218627.424854973,-39831.6257489309,0.976578034556163,0.0301098547220848,-100836.931320267
76.3,-0.354444074084338,-21.1161483953163,20.7617043212319,-0.180839617516457,217007.541019747,-39243.5607161979,0.982974157502491,0.0394879568141052,-101551.766826976
76.4,-0.375897706837989,-21.1198679106145,20.7439702037765,-0.177814088507501,213376.906209,-37941.4200861038,0.986966568271446,0.0485780973683447,-102017.324334691
76.5,-0.39737778055466,-21.1240838026064,20.7267060220518,-0.173254117105461,207904.940526553,-36020.3869127913,0.988736393014278,0.0574494013030497,-102250.816917712
76.6,-0.418727164286366,-21.1287775488864,20.7100503846001,-0.167327349045335,200792.818854402,-33598.1300862472,0.988460683244994,0.0661676991347478,-102269.193977827
76.7,-0.439804998315072,-21.1339287346651,20.69412373635,-0.160223091034964,192267.709241956,-30805.7266809579,0.986308738859225,0.074794051903626,-102088.786184157
76.8,-0.460488651984416,-21.1395152684684,20.679026616484,-0.152147134033387,182576.560840064,-27778.5004734882,0.982439032743573,0.0833835530546138,-101725.004130466
76.9,-0.480675200796203,-21.1455136169256,20.6648384161294,-0.143316389713761,171979.667656513,-24647.5050727038,0.976996764533344,0.0919844090742622,-101192.093833476
77,-0.500282408499661,-21.1518990527022,20.6516166442025,-0.133953518915029,160744.222698034,-21532.2542756627,0.970112044775384,0.10063729104656,-100502.949795746
77.1,-0.519249215163061,-21.1586459094984,20.6393966943353,-0.124281714480933,149138.057377119,-18535.1334651841,0.961898687056804,0.109374941146001,-99668.9841431859
77.2,-0.537535746088381,-21.1657278381185,20.6281920920301,-0.114519779225893,137423.735071071,-15737.7358007367,0.95245356530968,0.118222011426352,-98700.048397752
77.3,-0.555122868485963,-21.1731180578928,20.6179951894069,-0.104877614393851,125853.137272621,-13199.1768011343,0.941856477069903,0.127195107037432,-97604.4028270161
77.4,-0.572011332760425,-21.1807895981851,20.6087782654247,-0.0955522064914118,114662.647789694,-10956.2689984529,0.930170441364209,0.136303002147149,-96388.7270781053
77.5,-0.588220542893328,-21.1887155253006,20.6004949824073,-0.0867241723685168,104069.00684222,-9025.29848760504,0.917442352367437,0.145546994313255,-95058.1649931055
77.6,-0.603787005691697,-21.1968691508,20.5930821451083,-0.0785548953870251,94265.87446443,-7405.04590711974,0.903703907088464,0.154921361818113,-93616.3961383445
77.7,-0.618762511677584,-21.2052242179745,20.586461706297,-0.0711842607999745,85421.1129599691,-6080.63878276652,0.888972727009037,0.16441388856025,-92065.7266635482
77.8,-0.633212101308164,-21.2137550640158,20.5805429627077,-0.0647289771814451,77674.7726177339,-5027.80858434723,0.873253599532116,0.17400642251978,-90407.1926200195
77.9,-0.647211869318081,-21.2224367561912,20.5752248868731,-0.05928145374483,71137.7444937958,-4217.14890972049,0.856539774822306,0.183675436613543,-88640.6697687493
78,-0.660846657618951,-21.2312452010708,20.5703985434519,-0.0549091911969102,65891.0294362921,-3618.0231334786,0.838814266476388,0.19339256493814,-86764.9851365034
78.1,-0.67420768377292,-21.2401572265338,20.5659495427608,-0.0516546365864667,61985.5639037599,-3201.84177705592,0.820051119601408,0.203125092918321,-84778.027046316
78.2,-0.687390147993973,-21.2491506368794,20.5617604888855,-0.0495354502602872,59442.5403123445,-2944.51299898726,0.800216626297677,0.212836386606509,-82676.8519564416
78.3,-0.700490857326276,-21.2582042418843,20.557713384558,-0.0485451350417488,58254.1620500984,-2827.95616346594,0.779270485121836,0.22248625408507,-80457.7880733381
78.4,-0.713605901466003,-21.2672978610619,20.5536919595959,-0.048653983302487,58384.7799629843,-2840.65210943842,0.757166916655016,0.232031240260748,-78116.5372372425
78.5,-0.726828410931468,-21.2764123047151,20.5495838937837,-0.0498103056671827,59772.3668006191,-2977.2798607898,0.733855760643628,0.241424864852595,-75648.2778912325
78.6,-0.740246425158134,-21.2855293336172,20.545282908459,-0.0519419144683474,62330.2973620168,-3237.55497436454,0.709283590222813,0.250617821507583,-73047.7729229165
78.7,-0.75394089571601,-21.2946315993425,20.5406907036265,-0.054957844467802,65949.4133613622,-3624.43760225653,0.683394884554142,0.259558163114961,-70309.4867159569
78.8,-0.767983848225576,-21.3037025673988,20.5357187191732,-0.0587503015216408,70500.3618259689,-4141.91751466045,0.656133302142354,0.268191503895161,-67427.7157960073
78.9,-0.782436725591552,-21.3127264254147,20.5302896998232,-0.0631968356464675,75836.2027757608,-4792.60804287193,0.6274430927987,0.276461272110491,-64396.7369646912
79,-0.79734893469384,-21.321687978725,20.5243390440312,-0.0681627374270605,81795.2849124724,-5575.39052826046,0.597270676726622,0.284309047776036,-61210.9757866041
79.1,-0.812756618408738,-21.330572535786,20.5178159173773,-0.0735036552744849,88204.3863293816,-6483.34480645235,0.56556640496058,0.291675017186035,-57865.196770007
79.2,-0.828681674465308,-21.3393657859597,20.5106841114944,-0.0790684254542518,94882.1105451019,-7502.17908457747,0.532286497235468,0.298498570264449,-54354.7146454891
79.3,-0.845131041832552,-21.3480536723307,20.5029226304982,-0.0847020972222527,101642.516666703,-8609.33432861752,0.497395132514573,0.30471905779425,-50675.6239206651
79.4,-0.862096273752122,-21.3566222623661,20.494525988614,-0.0902491224172013,108298.946900641,-9773.88491648996,0.460866645370519,0.310276713841038,-46825.0415276904
79.5,-0.879553413888026,-21.3650576193895,20.4855042055015,-0.0955566634410716,114667.996129286,-10957.2911135883,0.422687759911518,0.315113734793825,-42801.3550621905
79.6,-0.897463188138328,-21.3733456780032,20.4758824898648,-0.10047795702241,120573.548426892,-12114.9838168768,0.382859773773399,0.319175491275694,-38604.4670269889
79.7,-0.915771519320927,-21.3814721267326,20.4657006074117,-0.104875655040909,125850.786049091,-13198.6836243117,0.341400589605539,0.322411833804695,-34236.0238299622
79.8,-0.934410365194839,-21.3894223012743,20.4550119360795,-0.108625049635177,130350.059562212,-14159.2816898936,0.298346482028741,0.324778438717073,-29699.6172145021
79.9,-0.95329887222751,-21.3971810917587,20.4438822195312,-0.111617079408912,133940.495290694,-14950.0468989305,0.253753485481911,0.326238128751065,-25000.9454651915
80,-0.972344828406445,-21.4047328673864,20.4323880389799,-0.113761008175767,136513.209810921,-15529.8803774004,0.207698293522137,0.326762094027223,-20147.9222288969
80.1,-0.991446388579497,-21.4120614216209,20.4206150330414,-0.114986668368652,137984.002042382,-15866.3206830267,0.160278573309401,0.326330934991332,-15150.7221672973
80.2,-1.01049403574503,-21.4191499408191,20.408655905074,-0.115246168543006,138295.402251607,-15938.0152366116,0.11161261994467,0.324935449994865,-10021.7548947389
80.3,-1.02937273192637,-21.4259809987288,20.3966082668024,-0.114514978341684,137417.974010021,-15736.4163175156,0.0618383032236387,0.322577097021305,-4775.56167526277
80.4,-1.04796420331327,-21.4325365786954,20.3845723753822,-0.112792324320939,135350.789185127,-15266.5301108639,0.0111112928683972,0.319268071665163,571.36698731054
80.5,-1.06614929679632,-21.4387981246955,20.3726488278991,-0.110100855111436,132121.026133722,-14546.6379555232,-0.0403974144078056,0.315030961432866,6000.85062967511
80.6,-1.0838103393768,-21.4447466214811,20.3609362821043,-0.106485563044739,127782.675653687,-13607.0101643462,-0.0925046037338021,0.309897958914679,11493.3484394012
80.7,-1.10083342864944,-21.4503627032087,20.3495292745593,-0.102011979888537,122414.375866244,-12487.732848935,-0.145018486406021,0.303909642116392,17028.3484208406
80.8,-1.11711058196689,-21.4556267889735,20.3385162070066,-0.0967636948772554,116116.433852706,-11235.8551755583,-0.197742744411675,0.297113357637616,22584.8014587721
80.9,-1.13254167421202,-21.4605192427284,20.3279775685164,-0.0908392720387989,109007.126446558,-9902.12801344666,-0.250480810596257,0.289561269598071,28141.582362059
81,-1.14703609938815,-21.4650205541792,20.317984454791,-0.084348669350863,101218.403221035,-8537.63762551344,-0.303040198424778,0.281308162288575,33677.9575764212
81.1,-1.16051409940011,-21.4691115364599,20.3085974370598,-0.0774092832715458,92891.1399258547,-7190.63656393728,-0.35523668327916,0.27240910553587,39174.0379247647
81.2,-1.17290771419716,-21.4727735357504,20.2998658215532,-0.070141757804604,84170.1093655246,-5903.83942550365,-0.406898135912224,0.26291710697894,44611.1945976187
81.3,-1.184161320501,-21.4759886475307,20.2918273270297,-0.0626657069786899,75198.8483744277,-4712.38899736682,-0.457867818600145,0.252880883446054,49972.4177322711
81.4,-1.19423174114257,-21.478739933903,20.2845081927605,-0.0550955032802789,66114.6039363345,-3642.61737804866,-0.508006975558318,0.242342883437411,55242.599262695
81.5,-1.20308792297405,-21.4810116363542,20.2779237133802,-0.0475362822999884,57043.5387599859,-2711.63776188502,-0.557196580447897,0.231337683949522,60408.7251866036
81.6,-1.21071019773334,-21.4827893784922,20.2720791807588,-0.0400803059615458,48096.3671538548,-1927.71711116534,-0.605338143747608,0.21989086772322,65459.9667972537
81.7,-1.21708915640175,-21.4840603536475,20.2669711972457,-0.0328038136816129,39364.5764179354,-1291.30823046957,-0.652353529230046,0.208018462274734,70387.665516403
81.8,-1.22222418279875,-21.4848134927705,20.2625893099717,-0.0257644732417346,30917.3678900814,-796.569697708868,-0.698183779107875,0.195726991176827,75185.2114417903
81.9,-1.22612170571612,-21.4850396087472,20.258917903031,-0.0189995217066358,22799.4260479628,-433.178190097106,-0.742786998626668,0.183014152888699,79847.8212586724
82,-1.22879324019626,-21.4847315140687,20.2559382738724,-0.0125246621377021,15029.5945652425,-188.240593996305,-0.786135399878029,0.169870105252237,84372.2264241399
82.1,-1.2302532970936,-21.4838841096854,20.2536308125918,-0.00633375495035995,7600.50594043194,-48.139742125451,-0.828211648381209,0.156279297050443,88756.2871952235
82.2,-1.23051724544082,-21.4824944438175,20.2519771983767,-0.000399314460897512,479.177353077018,-0.191342446418246,-0.869004691833679,0.142222754261244,92998.5518558618
82.3,-1.22959921414096,-21.4805617404449,20.2509625263039,0.00532620754154043,-6391.44904984856,-34.0421841306748,-0.908505276167633,0.127680700176645,97097.7831807244
82.4,-1.22751011805063,-21.4780873981268,20.2505772800762,0.0109083974176425,-13090.0769011708,-142.791761065473,-0.946701368148726,0.112635367393775,101052.4756067
82.5,-1.22425588870305,-21.4750749606701,20.250819071967,0.0164281870306824,-19713.824436819,-323.8623949381,-0.983573705482752,0.0970738473252335,104860.386700642
82.6,-1.21983598199521,-21.4715300619513,20.2516940799561,0.0219785888849696,-26374.3066619635,-579.670043249412,-1.01909168486713,0.0809908202087926,108518.105337652
82.7,-1.21424222452255,-21.4674603478799,20.2532181233574,0.0276609748711856,-33193.1698454228,-918.155436989236,-1.05320977658373,0.0643910158175538,112020.676645864
82.8,-1.2074580473967,-21.4628753790425,20.2554173316458,0.0335810296514644,-40297.2355817572,-1353.22266294303,-1.08586462278237,0.0472912716654907,115361.300415302
82.9,-1.19945814191811,-21.4577865179904,20.2583283760723,0.0398445197908213,-47813.4237489854,-1905.10290883338,-1.11697293787601,0.0297220802769771,118531.115554988
83,-1.1902085560337,-21.4522068054063,20.2619982493726,0.0465530243458183,-55863.6292149819,-2600.62089089082,-1.14643028621771,0.011728548259943,121519.078600896
83.1,-1.17966723474049,-21.4461508295147,20.2664835947742,0.0537997716931285,-64559.7260317541,-3473.29852107929,-1.17411076742913,-0.00662927474571995,124311.939533637
83.2,-1.16778499212048,-21.4396345930848,20.2718496009643,0.0616657211197289,-73998.8653436744,-4563.1933934594,-1.19986759635061,-0.0252767021986704,126894.313561319
83.3,-1.15450688807824,-21.4326753822214,20.2781684941431,0.0702160165412798,-84259.2198495356,-5916.34677471033,-1.22353452528381,-0.0441253208090919,129248.843335333
83.4,-1.13977396958281,-21.4252916408563,20.2855176712735,0.0794969243054125,-95396.3091664948,-7583.71316882457,-1.24492802324427,-0.0630744411011046,131356.442524036
83.5,-1.12352532467744,-21.4175028544547,20.2939775297772,0.0895333481677107,-107440.017801252,-9619.46452094458,-1.26385010196051,-0.0820129978507009,133196.608938078
83.6,-1.10570038798894,-21.4093294459504,20.3036290579614,0.100326993104049,-120392.391724859,-12078.6066543599,-1.28009166225324,-0.100821790284118,134747.793575719
83.7,-1.0862414291133,-21.4007926863421,20.3145512572288,0.111855226608791,-134226.271930549,-15013.9100636447,-1.2934362273404,-0.119375940776963,135987.811054508
83.8,-1.0650961501433,-21.391914621727,20.3268184715837,0.124070662506204,-148884.795007445,-18472.2351536742,-1.30366393093475,-0.137547448496121,136894.276860949
83.9,-1.04222031571449,-21.3827180178498,20.3404977021353,0.136901469028846,-164281.762834615,-22490.4146667073,-1.3105556364666,-0.155207720674055,137445.057561108
84,-1.01758033819038,-21.3732263225138,20.3556459843235,0.150252380881669,-180302.857058002,-27090.933552732,-1.31389707759372,-0.172229978024139,137618.721400424
84.1,-0.991155741845162,-21.3634636454637,20.3723079036185,0.164006374997819,-196807.649997383,-32277.7092479103,-1.31348292723735,-0.188491450639734,137394.978376007
84.2,-0.962941432967249,-21.35345475462,20.3905133216528,0.178026952338251,-213632.3428059,-38032.3149106148,-1.30912072046911,-0.203875304571961,136755.100673479
84.3,-0.932949707526006,-21.3432250868603,20.4102753793343,0.192160953844648,-230593.144613577,-44310.9986189817,-1.30063457352439,-0.218272264891659,135682.316117052
84.4,-0.901211934254096,-21.3328007709007,20.4315888366466,0.206241827757926,-247490.19330951,-51042.8298203158,-1.28786865519216,-0.231581926087643,134162.168809901
84.5,-0.86777985855732,-21.3222086592826,20.4544288007252,0.22009325795534,-264111.909546408,-58129.2506368749,-1.27069037647552,-0.243713762955124,132182.842313113
84.6,-0.832726481458998,-21.3114763660064,20.4787498845474,0.233533058481472,-280239.670177766,-65445.2272844527,-1.24899326899672,-0.254587872837883,129735.441455532
84.7,-0.796146477729632,-21.300632306015,20.5044858282854,0.246377237560762,-295652.685072913,-72842.0918256863,-1.22269952210154,-0.264135491852604,126814.229179548
84.8,-0.75815612837534,-21.2897057325132,20.5315496041378,0.258444134399319,-310132.961279182,-80152.0447264957,-1.19176214368117,-0.272299332803188,123416.81477014
84.9,-0.718892754696228,-21.2787267680328,20.5598340133365,0.269558533212188,-323470.239854625,-87194.1633930073,-1.15616670171123,-0.279033790820414,119544.289506042
85,-0.678513654094292,-21.2677264252117,20.5892127711174,0.279555660338988,-335466.792406785,-93781.6406730809,-1.11593259427671,-0.284305054947194,115201.305377907
85.1,-0.637194551589602,-21.256736613452,20.6195420618624,0.288284971344447,-345941.965613336,-99729.8696436823,-1.07111378762708,-0.288091151156411,110396.09223173
85.2,-0.595127595403106,-21.2457901279421,20.650662532539,0.295613635207761,-354736.362249312,-104864.905584896,-1.02179895693115,-0.290381926360207,105140.408715768
85.3,-0.552518939711529,-21.234920617963,20.6824016782514,0.301429622040995,-361715.546449193,-109031.780452532,-0.968110965086662,-0.291178965904639,99449.4229181086
85.4,-0.509585972392127,-21.2241625319314,20.7145765595393,0.30564429968008,-366773.159616095,-112102.125512312,-0.910205623012613,-0.29049542103882,93341.5197233998
85.5,-0.466554259760596,-21.2135510372403,20.7469967774797,0.308194443918277,-369833.332701931,-113980.578314515,-0.848269691518039,-0.288355710027633,86838.0337757079
85.6,-0.423654293361409,-21.2031219136343,20.7794676202729,0.309043568529359,-370852.28223523,-114609.512699232,-0.782518110493692,-0.284795048785338,79962.9095215095
85.7,-0.381118135102767,-21.1929114195815,20.8117932844787,0.308182486318112,-369818.983581733,-113971.733847856,-0.713190475274681,-0.279858765521733,72742.2930520772
85.8,-0.33917606568815,-21.1829561318605,20.8437800661724,0.305629023109394,-366754.827731272,-112090.919720163,-0.640546821057448,-0.273601359677149,65204.0642149752
85.9,-0.298053346622904,-21.1732927593766,20.8752394127537,0.301426824529558,-361712.189435469,-109029.756655167,-0.564862821785717,-0.266085278434915,57377.3214913809
86,-0.257967207358138,-21.1639579330268,20.9059907256687,0.295643221824011,-354771.866188813,-104885.897532578,-0.486424556729205,-0.257379403658374,49291.8361496404
86.1,-0.219124165784326,-21.15498797426,20.9358638084757,0.288366158160588,-346039.389792705,-99786.0494067564,-0.405523042299197,-0.247557266817173,40977.4958559918
86.2,-0.181717781898886,-21.146418645803,20.9647008639041,0.279700220219017,-335640.26426282,-93878.6558286799,-0.322448764460164,-0.236695037350259,32463.7609069711
86.3,-0.145926930890056,-21.1382848888301,20.9923579579401,0.269761869541971,-323714.243450364,-87325.7595105349,-0.237486474484952,-0.224869358514514,23779.1582159485
86.4,-0.111914663248189,-21.1306205516267,21.0187058883785,0.25867402119733,-310408.825436795,-80294.6990908757,-0.150910524294796,-0.212155131389114,14950.8388544566
86.5,-0.0798276963074969,-21.1234581154895,21.043630419182,0.246560169947295,-295872.203936754,-72950.3008853268,-0.0629810145499118,-0.198623369623692,6004.22410560718
86.6,-0.0497965546447219,-21.1168284241914,21.0670318695467,0.233538311955101,-280245.97434612,-65448.1717810053,0.0260589925815945,-0.184339262225236,-3037.2374844097
86.7,-0.0219363471357532,-21.110760423761,21.0888240766253,0.219714948589885,-263657.938307861,-57929.5903606266,0.115984983754274,-0.16936058711099,-12152.1836739992
86.8,0.00365186241760185,-21.1052809195423,21.1089327819599,0.205179483988162,-246215.380785794,-50518.3447795781,0.206591072737421,-0.153736612894685,-21321.3099483139
86.9,0.0268791647558082,-21.1004143574681,21.1272935222239,0.189999336384647,-227999.203661575,-43319.6973919272,0.29768856352086,-0.137507609803989,-30527.1929261447
87,0.0476664969792928,-21.0961826361531,21.1438491331324,0.174216072691832,-209059.287230198,-36421.4879809986,0.389102998247889,-0.120705063026387,-39753.9677049182
87.1,0.0659420439014937,-21.0926049557814,21.1585469996829,0.157842845624872,-189411.414749846,-29897.2366979485,0.480669779553432,-0.103352644347604,-48986.8694080634
87.2,0.0816384958363585,-21.0896977088064,21.1713362046428,0.140863363515211,-169036.036218253,-23810.9846169821,0.572228547364359,-0.0854679527513373,-58211.6574930284
87.3,0.0946903228712621,-21.0874744162227,21.182164739094,0.123232556867581,-147879.068241097,-18223.5156865459,0.663616575774006,-0.0670649845106212,-67413.9491202276
87.4,0.105031231232211,-21.0859457116336,21.1909769428658,0.104879025881627,-125854.831057952,-13199.5320838547,0.754661530448026,-0.0481572415997276,-76578.4945453064
87.5,0.112591964657042,-21.0851193735869,21.1977113382439,0.085709263665511,-102851.116398613,-8815.29345370088,0.845173985821526,-0.0287613376907441,-85688.4325977187
87.6,0.117298602542224,-21.0850004047409,21.2022990072831,0.0656135554084864,-78736.2664901835,-5166.166384011,0.934940139603745,-0.00890091731343057,-94724.5674494951
87.7,0.119071487273814,-21.0855911544543,21.2046626417281,0.044473359391274,-53368.0312695286,-2373.45563465449,1.02371517646477,0.0113893305551649,-103664.708776523
87.8,0.117824886316924,-21.0868914794435,21.2047163657604,0.022169886549912,-26603.8638598943,-589.804643563161,1.11121772129454,0.0320598051797067,-112483.115928035
87.9,0.113467461486806,-21.0888989353341,21.2023663968209,-0.00140648356226471,1687.78027471775,-2.37383521310512,1.19712578473268,0.0530425211964847,-121150.082860276
88,0.105903579915999,-21.091608990339,21.197512570255,-0.026346376354412,31615.6516252942,-832.957856409976,1.28107454105869,0.0742482700718801,-129631.69452745
88.1,0.0950354604347403,-21.0950152510228,21.1900507114576,-0.052711655639003,63253.9867668037,-3334.22236824581,1.36265619392975,0.0955646316664231,-137889.777476084
88.2,0.0807661074779027,-21.0991096892543,21.1798757967322,-0.0805262086219838,96631.4503463803,-7781.36433003749,1.44142208328208,0.116855012768479,-145882.058006501
88.3,0.0630029443952047,-21.1038828590634,21.1668858034586,-0.109767769877428,131721.323852914,-14458.7559646368,1.51688707266964,0.137958837872281,-153562.530994617
88.4,0.0416620213125221,-21.1093240922729,21.1509861135854,-0.140361240552441,168433.488662929,-23641.5334193041,1.58853613703484,0.158692956293122,-160882.031918263
88.5,0.0166726414403939,-21.1154216624858,21.1320943039261,-0.172173901194174,206608.681433008,-35572.6227029053,1.65583295355322,0.178854262767453,-167788.994433182
88.6,-0.0120177743711096,-21.1221629082726,21.1101451339015,-0.20501283414661,246015.400975932,-50436.3145977906,1.71823018998026,0.198223460280081,-174230.366599088
88.7,-0.0444387807028619,-21.1295343081952,21.0850955274924,-0.238624768388029,286349.722065635,-68330.1361058886,1.77518109261219,0.216569828459058,-180152.651104305
88.8,-0.0805921605942892,-21.1375215025355,21.0569293419412,-0.272698441707473,327238.130048967,-89237.3281316206,1.82615190536574,0.233656802782015,-185503.029014875
88.9,-0.120447537862681,-21.1461092591877,21.025661721325,-0.306869449445492,368243.339334589,-113002.630803575,1.87063460699746,0.249248122868385,-190230.522987098
89,-0.163938535897046,-21.1552813839773,20.9913428480803,-0.340727423776726,408872.90853207,-139314.212776229,1.9081594377954,0.263114275358178,-194287.154688889
89.1,-0.210959649624431,-21.1650205785432,20.9540609289187,-0.373825271053045,448590.325263652,-167694.399933458,1.93830670089242,0.275038940391881,-197629.052377259
89.2,-0.261363969800971,-21.1753082517029,20.9139442819019,-0.405690094879043,486828.113854851,-197501.34369956,1.96071736535767,0.284825151479022,-200217.468026811
89.3,-0.314961865798466,-21.1861242927551,20.8711624269566,-0.435835355876491,523002.427051788,-227942.948918384,1.97510206519132,0.29230089636218,-202019.668810422
89.4,-0.371520696493459,-21.1974468173079,20.8259261208144,-0.463773770085782,556528.524102938,-258103.331783496,1.98124817540212,0.297323919978213,-203009.674697737
89.5,-0.430765580668645,-21.2092518978441,20.7784863171755,-0.489030428852186,586836.514622622,-286980.912412023,1.979024747373,0.299785537369587,-203168.821976665
89.6,-0.492381220419009,-21.2215132922535,20.7291320718345,-0.511155633527561,613386.760233072,-313536.098024354,1.96838519386041,0.299613321121743,-202486.141087542
89.7,-0.556014735170553,-21.2342021839325,20.678187448762,-0.529736975672035,635684.37080644,-336745.516072984,1.949367722185,0.296772590693381,-200958.54575007
89.8,-0.621279431564734,-21.2472869467768,20.626007515212,-0.544410252973462,653292.303568153,-355659.028251154,1.92209361575694,0.291266695627152,-198590.838447998
89.9,-0.687759406803284,-21.260732947502,20.5729735406987,-0.554868886754405,665842.664105285,-369455.377785687,1.88676355317517,0.283136146813123,-195395.544466619
90,-0.755014860882945,-21.2745023963115,20.5194875354285,-0.560871591995589,673045.910394705,-377492.331249199,1.84365222609997,0.272456705738325,-191392.592494048
90.1,-0.82258797689542,-21.2885542550774,20.465966278182,-0.562248138636375,674697.766363648,-379347.563280081,1.79310156875659,0.259336587562878,-186608.864050686
90.2,-0.890009218284845,-21.3028442100518,20.4128349917669,-0.558903127596532,670683.753115837,-374847.247244621,1.73551294172082,0.243912967281904,-181077.63657705
90.3,-0.956803887386958,-21.3173247137938,20.3605208264069,-0.550817781772895,660981.338127473,-364080.274460655,1.67133862060264,0.226347997499028,-174837.945889045
90.4,-1.02249879021365,-21.3319450986261,20.3094463084124,-0.538049817943157,645659.781531787,-347397.127906396,1.60107292788709,0.206824550861619,-167933.89302192
90.5,-1.08662885760254,-21.3466517616251,20.2600229040226,-0.520731518338906,624877.822006686,-325393.57702985,1.52524331627442,0.185541890494252,-160413.918454065
90.6,-1.14874358172696,-21.3613884190082,20.2126448372813,-0.499066160331971,598879.392398364,-298880.438866196,1.44440166810753,0.162711449352962,-152330.063636313
90.7,-1.20841313872321,-21.3760964258678,20.1676832871446,-0.473322990070162,567987.588084194,-268841.58351475,1.35911602224545,0.138552866740205,-143737.236012448
90.8,-1.26523408203059,-21.3907151555733,20.1254810735427,-0.443830942668908,532597.131202689,-236383.086804445,1.26996288169102,0.113290390388256,-134692.489687466
90.9,-1.3188345062211,-21.405182431828,20.0863479256069,-0.41097131981767,493165.583781203,-202676.910855213,1.1775201970198,0.087149709086104,-125254.329958843
91,-1.36887859699352,-21.4194350053306,20.0505564083371,-0.375169637583994,450203.565100791,-168902.708357886,1.08236106644015,0.0603552374815011,-115482.046412689
91.1,-1.41507049911944,-21.4334090662375,20.0183385671181,-0.336886854784207,404264.225741047,-136191.303511674,0.985048146770211,0.0331278349696886,-105435.076477344
91.2,-1.45715745008726,-21.4470407831118,19.9898833330246,-0.296610187133858,355932.224560629,-105573.123733899,0.886128733527045,0.0056829075797078,-95172.3994148072
91.3,-1.494932142742,-21.4602668587591,19.9653347160171,-0.254843705595768,305812.44671492,-77934.3771381384,0.786130444460691,-0.0217711820958764,-84751.9598118011
91.4,-1.52823429521925,-21.473025093246,19.9447907980268,-0.212098909512797,254518.691415356,-53983.1368998211,0.685557429915633,-0.0490344850604872,-74230.1197031069
91.5,-1.55695142085036,-21.4852549444517,19.9283035236014,-0.168885456419314,202662.547703177,-34226.756867952,0.584887034938339,-0.0759167062118123,-63661.1394186193
91.6,-1.58101880445991,-21.4968980766999,19.91587927224,-0.125702220731121,150842.664877345,-18961.2579560825,0.484566850609838,-0.102238395912966,-53096.6889058313
91.7,-1.60041870459602,-21.5078988883388,19.9074801837428,-0.0830288425090669,99634.6110108801,-8272.5464260745,0.385012113303743,-0.127832155600437,-42585.393388039
91.8,-1.61517881374543,-21.5182050095885,19.9030261958431,-0.0413179148334131,49581.4978000956,-2048.60410341741,0.286603437402454,-0.152543894557316,-32172.4194799006
91.9,-1.62537002048915,-21.5277677625465,19.9023977420573,-0.000987943748541602,1185.53249824985,-1.17123942033885,0.189684895974936,-0.176234144877928,-21899.1099853864
92,-1.63110352882191,-21.5365425759534,19.9054390471315,0.0375828018759315,-45099.3622511177,-1694.96039621462,0.094562491436149,-0.198779410234105,-11802.6772510674
92.1,-1.63252740042202,-21.5444893481577,19.9119619477356,0.0740614518113718,-88873.7421736458,-6582.11837328975,0.00150308087489087,-0.220073494551688,-1915.96588257441
92.2,-1.62982259540613,-21.5515727526951,19.921750157289,0.108164628849704,-129797.554619645,-14039.5043210331,-0.0892661643445386,-0.240028732135984,7732.70434030826
92.3,-1.62319859588291,-21.5577624819971,19.9345638861142,0.139661419430786,-167593.703316943,-23406.3744929062,-0.177557680069712,-0.258577023691662,17119.605507339
92.4,-1.61288870423428,-21.5630334259542,19.9501447217199,0.168375186592117,-202050.22391054,-34020.2441519162,-0.263222733338564,-0.275670574918686,26225.5707727975
92.5,-1.59914511427941,-21.5673657833595,19.9682206690801,0.194184214617208,-233021.057540649,-45249.0110478021,-0.346149887480297,-0.291282236935589,35035.8608987866
92.6,-1.58223385806776,-21.5707451056166,19.9885112475488,0.21702119821398,-260425.437856775,-56517.8405690776,-0.42626267442985,-0.305405360758997,43539.9271562267
92.7,-1.56242973375472,-21.5731622734773,20.0107325397226,0.236871612291482,-284245.934749777,-67329.7928514791,-0.503516476086026,-0.31805310059795,51731.0739752602
92.8,-1.54001132059976,-21.5746134089489,20.0346020883491,0.253771021080288,-304525.225296345,-77279.6773681583,-0.577894657795601,-0.329257131097405,59606.0293947369
92.9,-1.51525618539307,-21.5750997258254,20.0598435404324,0.267801407124121,-321361.688548944,-86061.1123891906,-0.649404040484511,-0.339065779484139,67164.4359670626
93,-1.4884363804153,-21.5746273235331,20.0861909431178,0.279086621199194,-334903.945439032,-93467.2105588585,-0.718069839997997,-0.347541611939438,74408.2789973007
93.1,-1.45981432629738,-21.573206930084,20.1133926037866,0.287787073088037,-345344.487705643,-99385.6793238945,-0.783930239336381,-0.35475855131875,81341.2725227337
93.2,-1.42963916389457,-21.5708536008954,20.1412144370008,0.294093799883448,-352912.559860136,-103789.395755862,-0.847030788544049,-0.360798637459982,87968.226006376
93.3,-1.39814364764466,-21.5675863810054,20.1694427333608,0.29822206261685,-357866.475140219,-106723.678357738,-0.907418845540945,-0.36574856896086,94294.4161279642
93.4,-1.36554163907661,-21.5634279388075,20.1978862997309,0.300404632967988,-360485.559561585,-108291.532210358,-0.96513827755356,-0.36969618417589,100324.988194261
93.5,-1.33202624350621,-21.5584041798008,20.2263779362946,0.300884939121687,-361061.926946023,-108638.095908313,-1.02022463636448,-0.372727047707547,106064.410533469
93.6,-1.29776861592656,-21.5525438490192,20.2547752330926,0.299910243071686,-359892.291686023,-107935.384679181,-1.07270100172956,-0.374921306098233,111516.002853944
93.7,-1.26291744417365,-21.545878130755,20.2829606865814,0.297725020533336,-357270.024640003,-106368.22542189,-1.12257465733665,-0.376350962906469,116681.556087462
93.8,-1.22759909917222,-21.5384402539373,20.3108411547651,0.294564708973569,-353477.650768282,-104122.04132722,-1.16983472473643,-0.377077699869537,121561.05692513
93.9,-1.1919184240186,-21.5302651110751,20.3383466870565,0.290649979127227,-348779.974952672,-101372.892439989,-1.21445083550155,-0.37715133917828,126152.525364457
94,-1.15596011640659,-21.5213888980471,20.3654287816406,0.286181670942711,-343418.005131253,-98279.9385402745,-1.25637287354959,-0.376609004389673,130451.968423269
94.1,-1.11979064298939,-21.5118487812333,20.3920581382439,0.28133651654191,-337603.819850291,-94980.2826479235,-1.29553177126022,-0.375474996956652,134453.448049105
94.2,-1.08346061018027,-21.5016825975581,20.4182219873779,0.276263750976852,-331516.501172222,-91585.99212456,-1.33184129770233,-0.373761364711316,138149.256452106
94.3,-1.04700750403999,-21.4909285919862,20.4439210879462,0.271082686914165,-325299.224296997,-88182.9877735233,-1.36520073752064,-0.371469100775283,141530.187866065
94.4,-1.01045870260558,-21.4796251958901,20.4691664932845,0.265881302560368,-319057.563072441,-84831.4404614376,-1.39549832677023,-0.368589878865784,144585.892291044
94.5,-0.973834657513354,-21.4678108485392,20.4939761910259,0.260715863908315,-312859.036689977,-81567.3140321507,-1.42261528847257,-0.365108205891739,147305.294218694
94.6,-0.937152138195589,-21.4555238627498,20.5183717245542,0.255611573545921,-306733.888255104,-78404.7318367458,-1.44643029637378,-0.361003856509241,149677.057743008
94.7,-0.900427431325326,-21.4428023345286,20.5423749032033,0.250564209673936,-300677.051608722,-75338.9078034287,-1.46682419005131,-0.356254447600041,151690.078798418
94.8,-0.863679390505965,-21.4296840953508,20.5660047048448,0.245542691504928,-294651.229805913,-72349.456021781,-1.48368476722734,-0.350838013342901,153333.985464511
94.9,-0.826932236332105,-21.4162067045702,20.5892744682381,0.240492481731557,-288590.978077868,-69403.9605232837,-1.49691148848693,-0.344735452821933,154599.628202292
95,-0.79021801470698,-21.4024074783878,20.6121894636808,0.235339714084603,-282407.656901522,-66461.7372305068,-1.50641994382546,-0.337932740478225,155479.543376621
95.1,-0.753578631461668,-21.3883235508259,20.6347449193642,0.229995914879991,-275995.097855989,-63477.7450337809,-1.51214594770147,-0.330422813198759,155968.375293407
95.2,-0.717067393618677,-21.3739919613014,20.6569245676828,0.224363172455885,-269235.806947062,-60406.599785363,-1.51404914776625,-0.322207074194981,156063.244061519
95.3,-0.680750001791026,-21.359449762677,20.6786997608859,0.218339597894012,-262007.517472814,-57206.6160102224,-1.51211605066589,-0.313296480715529,155764.048721306
95.4,-0.644704953904682,-21.3447341431173,20.7000291892126,0.211824914521435,-254189.897425721,-53843.7532944157,-1.50636238515801,-0.303712207854926,155073.697141784
95.5,-0.609023337364775,-21.3298825547135,20.7208592173487,0.204726012248965,-245671.214698758,-50295.2881096361,-1.49683473765777,-0.293485902374663,153998.256098019
95.6,-0.57380800463207,-21.3149328416603,20.7411248370283,0.196962305416606,-236354.766499927,-46552.9797060291,-1.48361140816951,-0.282659557134912,152547.016668744
95.7,-0.539172145601999,-21.2999233608043,20.7607512152023,0.188470738882467,-226164.88665896,-42625.4632978835,-1.46680244583258,-0.271285047621064,150732.471658475
95.8,-0.50523728883169,-21.2848930876111,20.7796557987795,0.179210295900645,-215052.355080774,-38539.5961881562,-1.44654883390087,-0.259423376953911,148570.203205578
95.9,-0.472130782163045,-21.2698817010374,20.7977509188744,0.169165872190292,-202999.04662835,-34340.5107766827,-1.42302080506188,-0.247143675139192,146078.680174963
96,-0.439982821227726,-21.2549296414125,20.8149468201848,0.158351392952036,-190021.671542443,-30090.19637982,-1.39641528086846,-0.234521993144409,143278.966452798
96.1,-0.408923111238717,-21.240078136232,20.8311550249933,0.146812063152968,-176174.475783562,-25864.5382646774,-1.36695244490456,-0.221639924131142,140194.342961104
96.2,-0.379077262870695,-21.2253691897112,20.8462919268405,0.134625656236944,-161550.787484332,-21748.8807806733,-1.33487147905202,-0.208583074541407,136849.848173411
96.3,-0.350563036367351,-21.2108455330172,20.8602824966499,0.121902762947882,-146283.315537458,-17832.3403371931,-1.30042551632969,-0.195439398552591,133271.74418644
96.4,-0.323486558714141,-21.196550533273,20.8730639745588,0.108785940912746,-130543.129095295,-14201.2571283257,-1.26387589211899,-0.182297402394195,129486.91798802
96.5,-0.297938646199533,-21.1825280606684,20.8845894144689,0.0954477279196917,-114537.27350363,-10932.3225180378,-1.22548580739575,-0.169244221597219,125522.230405504
96.6,-0.273991368396992,-21.1688223143021,20.8948309459051,0.0820875083106299,-98505.0099727556,-8086.03082477726,-1.18551355143203,-0.156363575423278,121403.828212857
96.7,-0.251694989034924,-21.1554776086783,20.9037826196434,0.0689272531688206,-82712.7038025845,-5701.15947527841,-1.14420546530809,-0.143733608945769,117156.437856926
96.8,-0.231075413989313,-21.1425381240721,20.9114627100828,0.0562061910795516,-67447.4292954618,-3790.96309880527,-1.10178885904509,-0.131424644367781,112802.662029732
96.9,-0.21213226649046,-21.1300476252137,20.9179153587233,0.0441745065166181,-53009.4078199416,-2341.66443118408,-1.05846512155562,-0.119496878383757,108362.302631068
97,-0.194837694532279,-21.1180491539063,20.9232114593741,0.0330862058854244,-39703.4470625091,-1313.63642387122,-1.01440328123733,-0.107998080385764,103851.735291696
97.1,-0.179135995586684,-21.1065847022299,20.9274487066432,0.023191334673538,-27829.6016082454,-645.405604728051,-0.969734283481934,-0.0969613652908627,99283.3613309274
97.2,-0.164944119483117,-21.0956948738756,20.9307507543925,0.0147277701354506,-17673.3241625406,-260.288655795203,-0.924546247709964,-0.0864031326373558,94665.1626058433
97.3,-0.15215308239009,-21.085418541842,20.9332654594519,0.00791284924437412,-9495.41909324903,-75.1358197970311,-0.878880949544062,-0.0763212781706392,90000.3830294875
97.4,-0.140630294145236,-21.0757925111832,20.935162217038,0.00293511808176034,-3522.14169811238,-10.3379017846517,-0.832731743024247,-0.0666937933172472,85287.3575211948
97.5,-0.130222768838049,-21.066851195683,20.9366284268449,-5.34963730247462e-05,64.1956476297023,-0.00343423431216372,-0.786043093900056,-0.0574778699345723,80519.5048180347
97.6,-0.120761155820066,-21.0586263172202,20.9378651614001,-0.000944789946762608,1133.74793611515,-1.07115365220445,-0.738711839487587,-0.0486096212194203,75685.4950291853
97.7,-0.112064496554851,-21.0511466361698,20.9390821396149,0.000319628163869006,-383.553796642817,-0.12259459576593,-0.690590225686185,-0.0400045139987449,70769.5962545961
97.8,-0.10394558329088,-21.0444377204496,20.9404921371588,0.00374351870248471,-4492.22244298165,-16.8167187310233,-0.641490700546406,-0.0315585828930502,65752.1973008267
97.9,-0.0962167697538057,-21.0385217597941,20.9423049900403,0.00927268925052162,-11127.2271006259,-103.179319124087,-0.591192369812294,-0.0231504639068466,60610.4958670222
98,-0.0886960630894187,-21.0334174305429,20.9447213674535,0.0167933325397898,-20151.9990477477,-338.419221350355,-0.539448946947884,-0.0146442454946923,55319.3339496194
98.1,-0.08121331113324,-21.0291398147251,20.9479265035919,0.0261321341767861,-31358.5610121432,-819.46612396026,-0.485997962155459,-0.00589309138211414,49852.1550574408
98.2,-0.0736162904844626,-21.0257003755509,20.9520840850664,0.0370581932551166,-44469.8319061399,-1647.97162480028,-0.43057093545471,0.00325645578569506,44182.0515670425
98.3,-0.0657764992926317,-21.0231069896724,20.9573304903798,0.0492867333910849,-59144.0800693018,-2915.01850603666,-0.372904171255044,0.0129596243967696,38282.8655752806
98.4,-0.0575944642998358,-21.0213640348028,20.963769570503,0.0624845173717407,-74981.4208460886,-4685.17789341522,-0.312749798658404,0.0233681904392753,32130.3032531351
98.5,-0.0490043843909298,-21.0204725295623,20.9714681451714,0.0762768184444982,-91532.1821333975,-6981.7836384179,-0.249886664879308,0.0346250843280305,25703.0212152793
98.6,-0.0399779522667423,-21.0204303208182,20.9804523685515,0.0902557473926013,-108306.896871121,-9775.31992487644,-0.184130689727238,0.0468590517274217,18983.6439298655
98.7,-0.0305272211681391,-21.0212323123488,20.9907050911807,0.103989688534917,-124787.6262419,-12976.6263859068,-0.115344307235543,0.0601795997302173,11959.6737191861
98.8,-0.0207064138948994,-21.0228707274425,21.0021643135476,0.117033560852406,-140440.273022887,-16436.2252389527,-0.043444655505995,0.0746724538257984,4624.25933738058
98.9,-0.0106126055224074,-21.0253353970685,21.0147227915461,0.128939593449327,-154727.512139192,-19950.5025106532,0.0315897739419175,0.0903957314983751,-3023.20476940583
99,-0.00038524789986738,-21.0286140645553,21.0282288166554,0.139268288138814,-167121.945766576,-23274.7872973388,0.109714252987994,0.10737700591942,-10976.6689430194
99.1,0.00979545821616767,-21.0326926972939,21.0424881555101,0.147599236536633,-177119.083843959,-26142.6415514362,0.190814852809624,0.125611389882029,-19223.2205465146
99.2,0.0197113001600684,-21.0375557958646,21.0572670960246,0.153541464882523,-184249.757859027,-28289.9777259251,0.274707472940802,0.145060718548715,-27743.0810885574
99.3,0.0291098207313567,-21.0431866911569,21.0722965118882,0.156742996851947,-188091.596222336,-29482.0404745554,0.361138856632215,0.165653853072348,-36509.8025334705
99.4,0.0377090049041229,-21.0495678205268,21.0872768254309,0.156899352494141,-188279.222992969,-29540.8881756967,0.449789506702516,0.187288069420438,-45490.6487681323
99.5,0.0452027470184859,-21.0566809747826,21.1018837218011,0.153760739331848,-184512.887198217,-28370.8379518516,0.540278343076742,0.209831441612651,-54647.1408413226
99.6,0.0512669372870391,-21.0645075088172,21.1157744461042,0.147137738302908,-176565.285963489,-25979.4168394739,0.632168879767942,0.233126079709821,-63935.7385795298
99.7,0.0555659904055794,-21.0730285099681,21.1285945003737,0.136905340852551,-164286.40902306,-22491.6868247437,0.724976648173789,0.256992043440265,-73308.6267971931
99.8,0.0577596297615841,-21.0822249196608,21.1399845494223,0.123005251916128,-147606.302299354,-18156.3503987402,0.818177557443457,0.281231724773309,-82714.5717289044
99.9,0.057509738357453,-21.0920776055284,21.1495873438858,0.105446434283489,-126535.721140187,-13342.7406037226,0.911216862606933,0.305634478610889,-92099.8125671309
100,0.0544870919711471,-21.1025673829492,21.1570544749204,0.0843039302941974,-101164.716353037,-8528.58319565865,1.00351840743912,0.32998128061899,-101408.954024735
100.1,0.0483778017304211,-21.1136749867921,21.1620527885225,0.0597160917378624,-71659.3100854346,-4279.21393493374,1.09449382099246,0.354049204568728,-110585.828483055
100.2,0.038889318336949,-21.1253809965276,21.1642703148645,0.0318804468508163,-38256.5362209795,-1219.63546968926,1.18355137271993,0.377615536770334,-119574.300233685
100.3,0.025755853952564,-21.13766571837,21.1634215723226,0.00104798915912881,-1257.58699095453,-1.31793753318177,1.27010422721711,0.400461380375482,-128318.98921364
100.4,0.00874309405984164,-21.1505090289615,21.1592521230213,-0.0324836178052212,38980.3413662652,-1266.22251085881,1.35357788639459,0.422374644490685,-136765.897373368
100.5,-0.0123478816899265,-21.1638901875984,21.1515423059084,-0.0683775893349443,82053.107201933,-5610.59366790993,1.43341666079917,0.443152358543758,-144862.926862841
100.6,-0.0376775172850401,-21.1777876253882,21.1401101081032,-0.106266034895314,127519.241874377,-13550.9642068466,1.50908906692209,0.462602298093536,-152560.285085514
100.7,-0.0673655555131774,-21.1921787205297,21.1248131650165,-0.145758176219053,174909.811462863,-25494.5351216453,1.58009210172053,0.480543950964458,-159810.777148044
100.8,-0.101489662952016,-21.2070395691468,21.1055499061948,-0.186448520602448,223738.224722937,-41715.6610018095,1.64595439652351,0.496808889384281,-166569.991070871
100.9,-0.140084872554304,-21.2223447608987,21.0822598883444,-0.227924741347451,273509.689616941,-62339.625261963,1.70623829808506,0.511240642527944,-172796.385160909
101,-0.183143787809623,-21.2380671680965,21.0549233802869,-0.269775018805065,323730.022566078,-87334.2729255277,1.76054096355352,0.523694183125421,-178451.290103938
101.1,-0.230617470526781,-21.2541777563758,21.023560285849,-0.311594610931806,373913.533118166,-116509.441874092,1.80849458784286,0.534035151049617,-183498.840605304
101.2,-0.28241691561626,-21.2706454241146,20.9882285084983,-0.352991453688877,423589.744426651,-149523.559652864,1.8497659060781,0.542138936407374,-187905.8528479
101.3,-0.33841500201591,-21.2874368767307,20.9490218747148,-0.39359063502609,472308.762031307,-185896.305576289,1.88405513057978,0.547889735749572,-191641.664744564
101.4,-0.398448799684523,-21.3045165407336,20.9060677410491,-0.433037636654397,519645.163985275,-225025.91371107,1.91109449169942,0.551179679375003,-194677.95606325
101.5,-0.462322108521501,-21.3218465209718,20.8595244124503,-0.471000292121853,565200.350546222,-266209.530214644,1.93064655537157,0.551908107547511,-196988.565133289
101.6,-0.529808106064614,-21.3393866029589,20.8095784968943,-0.507169466542904,608603.359851483,-308665.041352095,1.94250248825477,0.549981051203593,-198549.318129049
101.7,-0.600651986711039,-21.3570943005453,20.7564423138343,-0.541258522056733,649510.226468079,-351552.945238847,1.94648043450982,0.545310950787562,-199337.885980312
101.8,-0.674573485799549,-21.3749249476064,20.7003514618069,-0.573001692595107,687602.031114127,-393997.127660228,1.94242415719616,0.537816627332497,-199333.682847939
101.9,-0.75126919689729,-21.3928318308891,20.6415626339918,-0.602151549706548,722581.859647856,-435103.786576796,1.93020208235506,0.527423504457014,-198517.818856133
102,-0.830414609613022,-21.4107663597613,20.5803517501483,-0.628475794981683,754170.953978018,-473978.18985343,1.90970686529818,0.514064069599309,-196873.118370639
102.1,-0.911665817583884,-21.4286782673838,20.5170124497999,-0.651753660508064,782104.392609675,-509739.400782791,1.88085557649243,0.497678557883947,-194384.213497623
102.2,-0.994660871135924,-21.4465158368121,20.4518549656761,-0.671772233117807,806126.679741367,-541533.519825701,1.8435905787257,0.47821584211556,-191037.720565102
102.3,-1.0790207755127,-21.4642261447901,20.3852053692774,-0.688323037601838,825987.645122204,-568546.324912104,1.79788113799528,0.455634516457167,-186822.505040564
102.4,-1.16435016237927,-21.4817553155442,20.3174051531649,-0.70119921570756,841439.05884907,-590016.408130675,1.74372577798048,0.429904167785255,-181730.037545173
102.5,-1.25023768832262,-21.4990487767737,20.2488110884511,-0.710193619560971,852232.343473163,-605249.972718134,1.68115535249453,0.401006835573922,-175754.840283617
102.6,-1.33625623801887,-21.5160515102758,20.179795272257,-0.715098099167859,858117.719001428,-613638.34972018,1.61023677273615,0.368938666373795,-168895.019300671
102.7,-1.42196303036323,-21.53270829026,20.1107452598968,-0.715704204183223,858845.045019866,-614679.009462647,1.5310772876208,0.333711770559701,-161152.873541616
102.8,-1.50689974197561,-21.5489639033902,20.0420641614146,-0.7118054420634,854166.530476078,-608000.384821285,1.4438291774598,0.295356285417728,-152535.566844097
102.9,-1.59059277306186,-21.5647633459232,19.9741705728614,-0.703201141551338,843841.369861604,-593390.214574925,1.34869468556345,0.25392263878328,-143055.843907611
103,-1.67255378480561,-21.580051994944,19.9074982101384,-0.689701867322131,827642.240786556,-570826.398945161,1.24593098095279,0.209483991008445,-132732.766228564
103.1,-1.75228063475544,-21.594775752569,19.8424951178136,-0.671136225049106,805363.470058925,-540508.599087796,1.13585492029908,0.16213881053382,-121592.439268638
103.2,-1.82925882686911,-21.6088811640159,19.7796223371468,-0.647358793619916,776830.552343897,-502888.089212438,1.01884736037739,0.112013511114257,-109668.698099267
103.3,-1.90296357617877,-21.6223155125078,19.7193519363291,-0.618258830576969,741910.596692361,-458692.777903681,0.895356765335184,0.059265048927175,-97003.7158095143
103.4,-1.97286256504944,-21.6350268959893,19.6621643309398,-0.583769325538244,700523.190645891,-408943.95052725,0.765901857112222,0.0040833481368705,-83648.4974390482
103.5,-2.03841943970663,-21.646964292425,19.6085448527183,-0.543875930662216,652651.116794658,-354961.233544429,0.631073073024094,-0.0533066028267978,-69663.222415792
103.6,-2.09909806344252,-21.6580776219276,19.5589795584851,-0.498625281527091,598350.337832508,-298352.605653564,0.491532621837669,-0.112643161683299,-55117.4006716673
103.7,-2.15436750828421,-21.6683178149672,19.513950306683,-0.44813223797629,537758.685571546,-240987.003256365,0.348012967997067,-0.173627136708353,-40089.8119005115
103.8,-2.20370773170311,-21.6776368963682,19.4739291646651,-0.392585621606052,471102.745927261,-184948.164350172,0.201313621788999,-0.235921769926654,-24668.203794861
103.9,-2.2466158510005,-21.685988094617,19.4393722436165,-0.332252100915039,398702.521098046,-132469.750274949,0.0522961694408347,-0.299153767178038,-8948.73338748229
104,-2.28261289708846,-21.6933259851574,19.4107130880689,-0.267477970561233,320973.564673479,-85853.3576826668,-0.0981224607203205,-0.362915511498802,6964.85448903385
104.1,-2.31125090307,-21.6996066748583,19.3883557717883,-0.198688679802741,238426.415763288,-47372.6297781072,-0.248978434320425,-0.426768550178903,22962.3065863507
104.2,-2.33212016257926,-21.7047880327709,19.3726678701917,-0.126386078315762,151663.293978913,-19168.1289504453,-0.39927102111701,-0.490248387160209,38928.1818466188
104.3,-2.34485647916152,-21.7088299697671,19.3639734906056,-0.0511434565897403,61372.1479076879,-3138.78378233596,-0.547973986964413,-0.552870544222596,54743.385129714
104.4,-2.34914822151559,-21.7116947668358,19.3625465453202,0.0264014445664536,-31681.733479744,-836.443530234618,-0.694048116041188,-0.614137780860027,70286.875283946
104.5,-2.34474300021699,-21.7133474488955,19.3686044486785,0.105555201028486,-126666.241234184,-13370.280556997,-0.836454560673253,-0.673548288898234,85437.4995962422
104.6,-2.33145378921295,-21.7137561981655,19.3823024089526,0.185578935767758,-222694.722921308,-41327.4496808321,-0.97416867587516,-0.730604609217211,100075.899582879
104.7,-2.30916432921144,-21.7128927986241,19.4037284694126,0.2656996632916,-318839.595949919,-84715.5732879233,-1.10619396910317,-0.784822959888963,114086.428625776
104.8,-2.27783366909709,-21.7107331010326,19.4328994319355,0.3451223841104,-414146.860932479,-142931.352016855,-1.23157578489445,-0.83574262263291,127359.020473124
104.9,-2.23749972454806,-21.7072574965556,19.4697577720075,0.423042569753739,-507651.083704486,-214758.018988616,-1.34941435063213,-0.882935011817467,139790.949269684
105,-2.188281758875,-21.7024513862215,19.5141696273465,0.498658698890381,-598390.438668456,-298392.597574857,-1.45887683431244,-0.926012050068967,151288.426518421
105.1,-2.1303817185294,-21.696305633366,19.5659239148366,0.571184536495813,-685421.443794974,-391502.129678323,-1.55920810747522,-0.964633498042883,161767.987948925
105.2,-2.06408438357717,-21.6888169867339,19.6247326031567,0.639860886672192,-767833.064006628,-491306.345151507,-1.64973996470963,-0.998512932432664,171157.633230678
105.3,-1.98975632065366,-21.6799884629923,19.6902321423386,0.703966592109892,-844759.910531868,-594682.755368176,-1.72989862235903,-1.02742213339132,179397.69320293
105.4,-1.90784365159961,-21.6698296789011,19.7619860273015,0.762828596572945,-915394.315887531,-698288.961299336,-1.79921039897813,-1.05119372609383,186441.412052897
105.5,-1.81886867436663,-21.658357125149,19.8394884507824,0.81583092942684,-978997.115312206,-798696.126491353,-1.85730556347771,-1.06972201565051,192255.244839189
105.6,-1.72342539328433,-21.645594375746,19.9221689824617,0.862422512223078,-1034907.01466769,-892527.107506995,-1.90392041780234,-1.08296205347927,196818.88309058
105.7,-1.62217403297416,-21.6315722287349,20.0093981957608,0.902123726494446,-1082548.47179333,-976592.661485068,-1.93889775332692,-1.09092706955884,200125.03211872
105.8,-1.51583462383321,-21.6163287757318,20.1004941518986,0.934531719334344,-1121438.06320121,-1048019.4413304,-1.96218587819892,-1.09368449178338,202178.972479289
105.9,-1.40517975703483,-21.5999093993511,20.1947296423162,0.95932445916511,-1151189.35099813,-1104364.10154291,-1.97383645181481,-1.09135084461516,202997.94416873
106,-1.29102661354116,-21.5823666988736,20.2913400853325,0.976263588142059,-1171516.30577047,-1143708.71223841,-1.97400137918187,-1.08408586922144,202610.395321371
106.1,-1.17422837503477,-21.5637603455551,20.3895319705203,0.985196149106772,-1182235.37892812,-1164733.74265777,-1.96292901064231,-1.07208623268204,201055.13726852
106.2,-1.05566512548758,-21.5441568697599,20.4884917442723,0.986055292411127,-1183266.35089335,-1166766.04763039,-1.9409598620202,-1.05557919293392,198380.444965956
106.3,-0.936234351003279,-21.5236293826709,20.5873950316676,0.97886008914824,-1174632.10697789,-1149800.48895276,-1.90852201956977,-1.03481655915755,194643.136343668
106.4,-0.81684114343329,-21.5022572356917,20.6854160922584,0.963714589784227,-1156457.50774107,-1114494.97267557,-1.86612632806426,-1.01006923659131,189907.656634235
106.5,-0.698388210984838,-21.4801256208781,20.7817374098932,0.94080626827235,-1128967.52192682,-1062139.72130465,-1.81436138552776,-0.981622574391151,184245.184900691
106.6,-0.581765797505049,-21.4573251158232,20.8755593183182,0.910403979283326,-1092484.77513999,-994602.486593895,-1.75388829215166,-0.949772650743576,177732.770614982
106.7,-0.46784161212662,-21.4339511764306,20.9661095643039,0.872855529032083,-1047426.6348385,-914252.12947425,-1.68543503195268,-0.91482353766005,170452.499071231
106.8,-0.357450873080147,-21.4101035809454,21.0526527078652,0.828584918662413,-994301.902394894,-823863.560921755,-1.60979031150363,-0.877085495935002,162490.676455491
106.9,-0.251386574007448,-21.3858858285298,21.1344992545224,0.77808926550328,-933707.118603933,-726507.486109718,-1.52779664731494,-0.836873965816776,153937.019237801
107,-0.150390087977456,-21.3614044955735,21.211014407596,0.72193534603298,-866322.415239575,-625428.77262211,-1.44034248714082,-0.794509147616409,144883.828749336
107.1,-0.0551422331424902,-21.3367685528813,21.2816263197388,0.660755641313706,-792906.769576446,-523917.621033464,-1.34835317332561,-0.750315914272274,135425.130704461
107.2,0.0337450662894518,-21.3120886469141,21.3458337132035,0.595243708698885,-714292.45043866,-425178.087294723,-1.25278060837824,-0.704623768807892,125655.761145859
107.3,0.115736380569402,-21.2874763484239,21.4032127289933,0.526148661175981,-631378.393411175,-332198.896388731,-1.15459156161916,-0.657766555880222,115670.384718053
107.4,0.190379485388323,-21.2630433721813,21.4534228575696,0.45426851586227,-545122.219034722,-247631.86140445,-1.05475465575104,-0.610081658485683,105562.437973691
107.5,0.257311027795382,-21.2389007720791,21.4962117998745,0.380442182503823,-456530.619004587,-173683.505073926,-0.954226186115019,-0.561908456691795,95422.9990550753
107.6,0.316260991935579,-21.2151581167426,21.5314191086782,0.305539905310924,-366647.886373108,-112025.56048489,-0.853935044143046,-0.513585891508218,85339.5948825244
107.7,0.367055816245347,-21.1919226518959,21.5589784681412,0.230452047560008,-276542.45707201,-63729.7754695203,-0.754767130176683,-0.46544905868416,75394.9671311772
107.8,0.409620027937976,-21.1692984570909,21.5789184850289,0.156076214554212,-187291.457465054,-29231.7416994868,-0.657549739460447,-0.417824848147997,65665.8279548976
107.9,0.443976282866569,-21.1473856059527,21.5913618888193,0.0833028392178893,-99963.4070614669,-8327.2356261138,-0.563036479667561,-0.371026738119961,56221.644803131
108,0.470243729230539,-21.1262793407212,21.5965230699517,0.0129994948558716,-15599.3938270463,-202.784239809403,-0.471893321389945,-0.325348941558723,47123.5000326525
108.1,0.488634651543094,-21.1060692734646,21.5947039250077,-0.0540056617971999,64806.7941566398,-3499.93380738424,-0.384686389576436,-0.281060179776895,38423.074728167
108.2,0.499449395647677,-21.0868386277374,21.5862880233851,-0.116940791176327,140328.949411591,-16410.1783691342,-0.301872071681606,-0.238397417782651,30161.8067732583
108.3,0.503069624661801,-21.0686635355122,21.571733160174,-0.175106994855879,210128.393827055,-36794.9515769483,-0.223789948028042,-0.197559933368857,22370.2705212155
108.4,0.49995000739905,-21.0516124047704,21.5515624121695,-0.227893987600705,273472.785120846,-62322.8035014604,-0.150658945229118,-0.158704103893399,15067.8193942087
108.5,0.490608492640369,-21.035745373071,21.5263538657114,-0.274794133016921,329752.959620305,-90614.1786486253,-0.0825769806704192,-0.121939279543482,8262.52361058993
108.6,0.475615372026244,-21.0211138616338,21.4967292336601,-0.315414196901748,378497.036282097,-119383.338728609,-0.0195242132092503,-0.0873250699882419,1951.42344682729
108.7,0.455581378791894,-21.0077602429445,21.4633416217364,-0.349484255919434,419381.107103319,-146567.094162672,0.0386301480852705,-0.0548703048944556,-3878.89537701892
108.8,0.431145106740367,-20.9957176326188,21.4268627393592,-0.376863320615308,452235.984738369,-170431.154910236,0.0921176891619545,-0.0245338417394808,-9251.41264244649
108.9,0.402960061756186,-20.9850098133334,21.3879698750896,-0.397541380734098,477049.656880916,-189646.979275167,0.141257656774203,0.00377270787510031,-14197.4947242268
109,0.371681675277877,-20.9756512951611,21.347332970439,-0.411637745249736,493965.294299682,-203334.759977143,0.186441347897433,0.0301803730573648,-18755.464370055
109.1,0.337954614477624,-20.9676475128062,21.3056021272838,-0.419395717067827,503274.860481391,-211071.320993803,0.228114636856737,0.0548564914377034,-22968.9708600433
109.2,0.302400717025588,-20.9609951562075,21.2633958732331,-0.42117380171521,505408.562058251,-212864.845501491,0.266759334172194,0.0779969077797494,-26885.2229565494
109.3,0.265607859413475,-20.9556826269775,21.221290486391,-0.417433791244077,500920.549492891,-209101.164086883,0.302874116358474,0.0998170537532642,-30553.1546263415
109.4,0.228120037605834,-20.9516906093605,21.1798106469663,-0.40872618244745,490471.418936939,-200468.510661679,0.336955774831993,0.120542331867592,-34021.5974194891
109.5,0.190428898514451,-20.9489927410112,21.1394216395256,-0.395673478444295,474808.174133153,-187869.001853049,0.369481504994332,0.140398274075499,-37337.5333317143
109.6,0.152966912126068,-20.9475563660626,21.1005232781886,-0.37895198333668,454742.380004015,-172325.526809764,0.400892895555188,0.159600964371583,-40544.4979212481
109.7,0.116102319082735,-20.9473433507814,21.0634456698642,-0.359272731480475,431127.277776568,-154892.274702529,0.431582186883188,0.178348203178524,-43681.195616718
109.8,0.0801359293985584,-20.948310940668,21.0284468700666,-0.337362197750823,404834.637300987,-136575.902965518,0.461881250632551,0.196811849865625,-46780.3780018019
109.9,0.0452997872299257,-20.9504126371806,20.9957124244105,-0.313943415547014,376732.098656416,-118272.56179839,0.492053607212899,0.215131710882938,-49868.0220705006
110,0.0117576566753108,-20.953599072342,20.9653567290173,-0.289718087982243,347661.705578691,-100723.884604904,0.522289649843846,0.23341124915417,-52962.8298561881
110.1,-0.0203927731232199,-20.957818860282,20.9374260871588,-0.265350217618491,318420.261142188,-84492.8855882164,0.55270509154946,0.251715281616397,-56076.0544004541
110.2,-0.0511161165368712,-20.9630194062174,20.9119032896805,-0.24145170413113,289742.044957355,-69958.7105133917,0.583342502349225,0.27006971339529,-59211.6407419367
110.3,-0.0804341504280082,-20.9691476553988,20.8887135049708,-0.218570270427687,262284.324513224,-57327.5557377986,0.614175665833299,0.288463237018612,-62366.6554465471
110.4,-0.108419535102986,-20.9761507670531,20.8677312319501,-0.197179979261635,236615.975113961,-46655.9330659425,0.645116364492203,0.30685081136493,-65531.9650564219
110.5,-0.135188653441599,-20.9839767012279,20.8487880477863,-0.177674497914313,213209.397497175,-37881.8726509236,0.676023107871966,0.325158635304869,-68693.1134461138
110.6,-0.16089383828529,-20.9925747095785,20.8316808712932,-0.160363162119119,192435.794542942,-30859.6125178112,0.706711251737088,0.343290251767983,-71831.3409857505
110.7,-0.185715261190094,-21.0018957244255,20.8161804632354,-0.145469786453448,174563.743744138,-25393.7505249742,0.736963923093647,0.361133364294321,-74924.6849370848
110.8,-0.20985274825933,-21.011892643718,20.8020398954586,-0.133134071427421,159760.885712905,-21269.61716981,0.766543166286965,0.378566923165012,-77949.1007173436
110.9,-0.233517771898864,-21.022520512767,20.7890027408681,-0.123415371772364,148098.446126837,-18277.624787653,0.795200758425986,0.395468043017354,-80879.5473789112
111,-0.25692584234254,-21.0337366066407,20.7768107642981,-0.116298519759389,139558.223711266,-16230.4148378699,0.822688204960457,0.411718347356406,-83690.9874636806
111.1,-0.280289491359806,-21.0455004198489,20.7652109284891,-0.111701344667112,134041.613600535,-14972.6284805292,0.848765513285354,0.427209394458495,-86359.26069989
111.2,-0.303812004577303,-21.0577735722955,20.7539615677182,-0.109483496526015,131380.195831218,-14383.9632138744,0.873208447148747,0.441846918930689,-88861.8020721965
111.3,-0.327682020299317,-21.0705196423827,20.7428376220834,-0.109456169440025,131347.40332803,-14376.7836341801,0.895814079714354,0.455553717374582,-91178.1867813935
111.4,-0.352069073538491,-21.0837039395675,20.731634866029,-0.111392326224615,133670.791469537,-14889.9004100772,0.916404580230113,0.468271108050591,-93290.4966630265
111.5,-0.377120125950608,-21.0972932295678,20.7201731036172,-0.115037049669857,138044.459603828,-15880.227356094,0.934829280391646,0.479958995668841,-95183.5139370047
111.6,-0.402957087037411,-21.1112554258213,20.7082983387839,-0.12011768329406,144141.219952872,-17313.9094079186,0.950965164445554,0.490594666201165,-96844.7579921707
111.7,-0.429675300548588,-21.1255592607146,20.695883960166,-0.126353472169355,151624.166603225,-19158.2399151022,0.964716005934562,0.500170516447966,-98264.388694591
111.8,-0.457342943321688,-21.1401739496033,20.6828310062816,-0.133464468128123,160157.361753747,-21375.3171032672,0.976010429538867,0.508690983777079,-99435.0050510228
111.9,-0.486001262314808,-21.155068859774,20.6690675974592,-0.141179519312296,169415.423174754,-23917.9880079009,0.984799206479285,0.51616897935393,-100351.370766707
112,-0.515665559417766,-21.1702131953555,20.6545476359377,-0.149243217924137,179091.861508964,-26728.2457156217,0.991052096237663,0.522622141507482,-101010.098323712
112.1,-0.546326822561529,-21.1855757078267,20.6392488852652,-0.157421729176978,188906.075012373,-29737.9209804837,0.99475452771232,0.528069214740742,-101409.320883323
112.2,-0.5779538952103,-21.2011244402931,20.6231705450828,-0.165507466695112,198608.960034134,-32871.2658382001,0.9959043728915,0.532526826259803,-101548.376965446
112.3,-0.610496073860478,-21.2168265121592,20.6063304382987,-0.17332261379409,207987.136552907,-36048.8741428981,0.994509010600791,0.536006879362708,-101427.526995617
112.4,-0.643886023920345,-21.2326479492926,20.5887619253723,-0.180721515939931,216865.819127917,-39192.3195883521,0.990582812685466,0.538514716513199,-101047.714039909
112.5,-0.678042907512076,-21.2485535632898,20.5705106557778,-0.187591987816238,225110.385379485,-42228.904671417,0.984145116367705,0.540048130233858,-100410.374010878
112.6,-0.712875621572483,-21.2645068820482,20.5516312604757,-0.193855590042848,232626.708051417,-45095.9877490328,0.975218680619773,0.540597223317013,-99517.2939503586
112.7,-0.748286050481017,-21.2804701325475,20.5321840820665,-0.199466937327599,239360.324793118,-47744.4709042225,0.963828566794029,0.540145047424162,-98370.511240967
112.8,-0.784172243805667,-21.2964042755488,20.5122320317431,-0.204412103513474,245294.524216168,-50141.1696753636,0.950001339042185,0.538668886531249,-96972.2422266482
112.9,-0.820431436291724,-21.3122690908231,20.4918376545314,-0.208706191383621,250447.429660345,-52269.929186228,0.933764451530942,0.536142003516226,-95324.8260554298
113,-0.856962833760409,-21.3280233105294,20.471060476769,-0.212390137756543,254868.165307851,-54131.4847394918,0.915145678904162,0.532535637817876,-93430.6687597502
113.1,-0.893670095135818,-21.3436247974449,20.4499547023091,-0.215526828537098,258632.194244517,-55742.1765831116,0.894172454049369,0.52782103134213,-91292.1736615917
113.2,-0.930463447519433,-21.3590307639128,20.4285673163934,-0.218196604752899,261835.925703478,-57131.7099908314,0.870871001647509,0.52197126886017,-88911.6469727176
113.3,-0.967261378325311,-21.3741980266,20.4069366482747,-0.220492249525082,264590.699430098,-58340.1985207571,0.845265194478064,0.514962746653261,-86291.1716551097
113.4,-1.00399185627919,-21.3890832914508,20.3850914351716,-0.222513557307263,267016.268768715,-59414.7398226391,0.817375108142681,0.506776126304713,-83432.4478011017
113.5,-1.040593041885,-21.4036434625888,20.3630504207038,-0.224361600125501,269233.920150601,-60405.7531330502,0.787215304088351,0.497396685343188,-80336.6034980794
113.6,-1.07701345805307,-21.4178359683631,20.34082251031,-0.226132820218312,271359.384261973,-61363.2628558646,0.754792925476483,0.486814038103473,-77003.985834839
113.7,-1.11321160316617,-21.4316190972858,20.3184074941196,-0.227913093430272,273495.712116326,-62333.2537883472,0.720105740479227,0.475021263466086,-73433.94686863
113.8,-1.149155002019,-21.444952336268,20.295797334249,-0.229771921802655,275726.306163185,-63354.1632586624,0.683140308315997,0.462013535837108,-69624.6435340091
113.9,-1.18481870475141,-21.4577967033727,20.2729779986213,-0.231756925755532,278108.310906638,-64453.527162786,0.643870470866998,0.447786407011029,-65572.8732506731
114,-1.22018325989402,-21.4701150672707,20.2499318073767,-0.233888814725716,280666.577670858,-65644.7731845602,0.602256384181398,0.432333925369247,-61273.9681026575
114.1,-1.25523220459082,-21.481872445744,20.2266402411531,-0.23615701876756,283388.422521071,-66924.1650158179,0.558244298083217,0.415646802216946,-56721.7697711365
114.2,-1.28994913244005,-21.4930362759315,20.2030871434915,-0.238516161169121,286219.393402945,-68267.9509666249,0.511767268210069,0.397710841230945,-51908.7049014113
114.3,-1.32431441656214,-21.5035766495822,20.1792622330201,-0.240883542491227,289060.250989472,-69629.8572517473,0.462746944437684,0.37850583562536,-46825.9764012985
114.4,-1.35830168173067,-21.5134665073556,20.1551648256249,-0.243137788799808,291765.346559769,-70939.1812109519,0.411096525276071,0.358005109739925,-41463.8805559349
114.5,-1.39187413390956,-21.5226817872002,20.1308076532906,-0.245118790840933,294142.549009119,-72099.8659479851,0.356724903084709,0.336175839555662,-35812.2531576503
114.6,-1.4249808675495,-21.5312015230207,20.1062206554712,-0.246629026627276,295954.831952731,-72991.0521301413,0.299541954253168,0.312980233414423,-29861.0405171447
114.7,-1.4575532797837,-21.539007891198,20.0814546114143,-0.247436318076158,296923.581691389,-73469.6778037024,0.23946485668733,0.288377593985207,-23600.9837128223
114.8,-1.48950172560212,-21.5460862040143,20.0565844784122,-0.247278024286642,296733.62914397,-73375.7055541261,0.176425248958182,0.262327219729222,-17024.3972246613
114.9,-1.52071254869764,-21.552424850618,20.0317123019203,-0.245866621664507,295039.945997408,-72540.4747784613,0.110376985934161,0.234792043293867,-10126.0166369581
115,-1.55104561866807,-21.5580151877884,20.0069695691203,-0.242896566771887,291475.880126264,-70798.4905794837,0.0413041986047254,0.205742849677744,-2903.88477413056
115.1,-1.58033249653086,-21.5628513843721,19.9825188878413,-0.23805228418498,285662.741021975,-68002.6680068236,-0.030770665844859,0.175162872351571,4639.75823127449
115.2,-1.6083753371824,-21.5669302247961,19.9585548876137,-0.231017071604567,277220.48592548,-64042.6648472993,-0.10577916192238,0.143052533672441,12497.6176334696
115.3,-1.6349466198409,-21.5702508784643,19.9353042586234,-0.221482670709663,265779.204851595,-58865.4881096219,-0.183599856133841,0.109434078775091,20656.5566409499
115.4,-1.65978977617461,-21.5728146430464,19.9130248668718,-0.209159217212716,250991.060655258,-52497.093774043,-0.264052342941849,0.0743558504583326,29096.914601017
115.5,-1.68262076142756,-21.574624670624,19.8920039091964,-0.193785259239389,232542.311087267,-45063.2720381727,-0.346892542683363,0.0378959661054873,37791.9635020776
115.6,-1.70313058723336,-21.5756856863167,19.8725550990833,-0.175137520900134,210165.02508016,-36807.7814724538,-0.431809507819726,0.000165185061324347,46707.5309640972
115.7,-1.7209888068684,-21.5760037093475,19.8550149024791,-0.153040088466147,183648.106159376,-28105.5224132712,-0.51842390439369,-0.0386912060617816,55801.8121336711
115.8,-1.73584791539616,-21.5755857864878,19.8397378710917,-0.127372709955467,152847.251946559,-19468.5686896792,-0.606288270373291,-0.078492614823006,65025.3862367608
115.9,-1.74734859945691,-21.5744397474515,19.8270911479946,-0.0980779245822,117693.509498639,-11543.135148422,-0.69488908565636,-0.119023542445097,74321.4463114126
116,-1.75512574528578,-21.5725739910832,19.8174482457974,-0.0651667752610502,78200.1303132601,-5096.05031750906,-0.783650623689388,-0.160035177237756,83626.2431926359
116.1,-1.75881508974522,-21.5699973101361,19.8111822203909,-0.0287229035536566,34467.4842643876,-990.006226263181,-0.871940495256289,-0.201248143700357,92869.7374851957
116.2,-1.75806037847823,-21.5667187610862,19.808658382608,0.0110951199169442,-13314.1439003328,-147.722023165644,-0.95907674367094,-0.242356319258065,101976.446338344
116.3,-1.752520878337,-21.56274758383,19.810226705493,0.0540533177538147,-64863.9813045776,-3506.11339223383,-1.0443363091861,-0.283031587654073,110866.465584918
116.4,-1.74187907847985,-21.5580931743241,19.8162140958443,0.0998437074381728,-119812.448925807,-11962.5190979992,-1.12696464983201,-0.32292936383019,119456.642427015
116.5,-1.72584840625859,-21.5527651113004,19.8269167050418,0.14808754734753,-177705.056817035,-26315.9060152882,-1.20618628615153,-0.361694700833795,127661.869484367
116.6,-1.70418078037856,-21.5467732362152,19.8425924558366,0.198340332881869,-238008.399458243,-47206.6651772288,-1.2812160276349,-0.398968775311342,135396.467754501
116.7,-1.67667382478541,-21.5401277836346,19.8634539588492,0.250098394051178,-300118.072861413,-75059.0480483738,-1.35127063766066,-0.43439554421781,142575.623896372
116.8,-1.64317757215385,-21.532839557399,19.8896619852451,0.30280689864332,-363368.278371984,-110030.421439183,-1.41558069956893,-0.467628370624464,149116.84622554
116.9,-1.60360049543596,-21.5249201462356,19.9213196507996,0.355869026993974,-427042.832392768,-151971.317248365,-1.47340245707875,-0.498336429619823,154941.40384528
117,-1.55791471928416,-21.5163821710586,19.9584674517744,0.408656056976885,-490387.268372261,-200399.727484674,-1.52402941560745,-0.526210724641645,159975.714353004
117.1,-1.50616027983879,-21.5072395550824,20.0010792752436,0.460518082125714,-552621.698550856,-254492.284757695,-1.56680350542302,-0.55096956837918,164152.647456671
117.2,-1.4484483208686,-21.4975078071228,20.0490594862542,0.510795082120874,-612954.098545047,-313093.939102644,-1.60112562167719,-0.572363408886001,167412.714504578
117.3,-1.38496313606421,-21.4872043080975,20.1022411720333,0.558828072806286,-670593.687367542,-374746.577947665,-1.62646536952207,-0.590178909131531,169705.117267003
117.4,-1.31596299091519,-21.476348590772,20.1603855998568,0.603970081241391,-724764.097489667,-437735.830841678,-1.64236985462115,-0.604242215531065,170988.633206537
117.5,-1.24177968257868,-21.4649626032144,20.2231829206358,0.64559671810801,-774716.06172961,-500154.146918199,-1.64847137093474,-0.61442137698154,171232.318839497
117.6,-1.16281682202949,-21.4530709471752,20.2902541251457,0.683116152543297,-819739.383051954,-559977.213438667,-1.6444938496836,-0.620627899887299,170416.017533481
117.7,-1.07954684914867,-21.4407010836439,20.3611542344952,0.715978330240079,-859173.996288093,-615149.963248044,-1.63025794718232,-0.62281744620987,168530.663119352
117.8,-0.992506817846415,-21.4278834990699,20.4353766812235,0.743683311434608,-892419.973721527,-663677.841247611,-1.60568466620176,-0.620989700627131,165578.375931316
117.9,-0.902293014396964,-21.4146518270855,20.5123588126886,0.765788638421226,-918946.366105469,-703718.686482041,-1.57079742695234,-0.615187449565434,161572.353230919
118,-0.809554497416389,-21.4010429219487,20.5914884245323,0.781915670298958,-938298.804358747,-733670.538550881,-1.52572253061386,-0.605494929430808,156536.561311019
118.1,-0.714985671811032,-21.3870968812559,20.6721112094448,0.791754844424932,-950105.813309917,-752250.880404417,-1.47068799096096,-0.592035514114237,150505.241788342
118.2,-0.619318030960709,-21.3728570166886,20.7535389857279,0.795069839214753,-954083.807057701,-758563.259074766,-1.40602074775563,-0.574968823044642,143522.249532909
118.3,-0.52331122070953,-21.3583697726176,20.835058551908,0.791700622256179,-950040.746707413,-752147.850336984,-1.3321423181633,-0.55448734086977,135640.244186338
118.4,-0.427743594701138,-21.3436845932737,20.9159409985725,0.781565372915704,-937878.447498842,-733013.318569034,-1.2495629877287,-0.530812648266812,126919.761112772
118.5,-0.333402442492996,-21.3288537399049,20.9954512974119,0.764661272138473,-917593.526566165,-701648.233330111,-1.15887468802675,-0.504191370258135,117428.190725851
118.6,-0.241074079039787,-21.3139320599101,21.0728579808704,0.741064156701709,-889276.988042049,-659011.301217617,-1.06074275112803,-0.474890953408201,107238.69727052
118.7,-0.151533985988166,-21.2989767104013,21.1474427244131,0.710927043370566,-853112.452044678,-606500.713194737,-0.955896768415654,-0.44319538595318,96429.1091593024
118.8,-0.0655371913929876,-21.2840468390546,21.2185096476616,0.674477542222691,-809373.050667227,-545903.945955313,-0.84512081004363,-0.4094009747408,85080.8127559665
118.9,0.0161909351850333,-21.2692032255052,21.2853941606902,0.63201419888214,-758417.038658566,-479330.337106359,-0.729243278769598,-0.373812289309928,73277.6800032379
119,0.092963310549365,-21.2545078869606,21.3474711975099,0.583901832344379,-700682.198813253,-409129.619778147,-0.609126675989203,-0.3367383760699,61105.0575065676
119.1,0.164139047540615,-21.2400236521742,21.4041626997148,0.530565966997911,-636679.160397492,-337800.294403714,-0.485657547379311,-0.298489334056155,48648.8406849239
119.2,0.229130530205055,-21.2258137084336,21.4549442386387,0.472486491692205,-566983.790030645,-267892.18179793,-0.359736850502369,-0.25937332807091,35994.6515279315
119.3,0.287409566283177,-21.21194112676,21.4993506930432,0.410190711717797,-492228.854061355,-201907.703975463,-0.232270948050564,-0.219694095368708,23227.1325735027
119.4,0.338512558913024,-21.1984683710523,21.5369809299653,0.344245987350686,-413095.184820822,-142206.359768458,-0.104163380258436,-0.179748978922798,10429.3632211928
119.5,0.382044669962134,-21.1854567973906,21.5675014673528,0.275252171227242,-330302.605472689,-90916.5093183726,0.0236924884581011,-0.139827494522434,-2317.60224707371
119.6,0.417682976825539,-21.1729661500883,21.5906491269138,0.203834062903188,-244600.875483824,-49857.9902395447,0.150419916412213,-0.100210411600582,-14935.0821954009
119.7,0.44517865135953,-21.161054061298,21.6062327126575,0.130634090217387,-156760.908260864,-20478.3186323091,0.275164355612396,-0.0611693001093814,-27347.014110627
119.8,0.464358212528658,-21.1497755609958,21.6141337735244,0.0563054026564084,-67566.4831876899,-3804.35804196032,0.397098235293383,-0.0229664694460811,-39480.118726877
119.9,0.475123922244862,-21.1391826039553,21.6143065262002,-0.0184944774456538,22193.3729347846,-410.454835185357,0.515425095389585,0.0141447980393423,-51264.0046347197
120,0.477453406026399,-21.1293236198874,21.6067770259138,-0.0931093519276555,111731.222313186,-10403.2216996656,0.629383243247845,0.0499198354993834,-62631.2389225067
120.1,0.471398586141795,-21.1202430922613,21.5916416784031,-0.166889358609274,200267.230331129,-33422.4696204177,0.73824912694519,0.0841221318079602,-73517.4104945431
120.2,0.457084014882675,-21.1119811704915,21.5690651853742,-0.23919532850065,287034.39420078,-68657.2862118404,0.841340621070179,0.116522959590189,-83861.2120965121
120.3,0.434704689992309,-21.1045733192115,21.5392780092038,-0.309402580799714,371283.096959657,-114875.948406628,0.938020405353571,0.14690122548242,-93604.5647539981
120.4,0.404523423898553,-21.0980500073412,21.5025734312397,-0.376904301568296,452285.161881954,-170468.223048822,1.02769958409455,0.175043667084022,-102692.80439696
120.5,0.366867824410573,-21.0924364386564,21.459304263067,-0.441114691636298,529337.629963556,-233498.605412862,1.10984164725134,0.200745502783144,-111074.945101052
120.6,0.322126928316379,-21.0877523246606,21.409879252977,-0.501472090504745,601766.508605692,-301769.109066238,1.18396681583851,0.223811614545751,-118704.026913125
120.7,0.27074751237507,-21.0840116998158,21.3547592121908,-0.557442282720965,668930.739265156,-372890.278278191,1.24965674928498,0.244058310861006,-125537.549003486
120.8,0.213230090066713,-21.0812227786546,21.2944528687213,-0.608522170208305,730226.604249964,-444359.077962029,1.306559525607,0.261315678824108,-131537.981315557
120.9,0.150124588595531,-21.0793878540143,21.2295124426098,-0.65424394931741,785092.73918089,-513642.174262129,1.35439474177318,0.275430492717964,-136673.340409448
121,0.0820256902986181,-21.0785032356058,21.1605289259044,-0.694179868070277,833015.84168433,-578262.827080879,1.39295852640857,0.286269603671254,-140917.808270851
121.1,0.00956781677848539,-21.0785592283614,21.0881270451398,-0.727947562317912,873537.074781493,-635889.184181508,1.42212821433982,0.293723693490862,-144252.366912121
121.2,-0.0665802666092823,-21.0795401504326,21.0129598838233,-0.755215886016108,906259.063219327,-684421.241389312,1.44186640585,0.2977112381528,-146665.417015971
121.3,-0.145721243575657,-21.0814243913035,20.9357031477279,-0.775711068176289,930853.281811544,-722073.193549437,1.45222412515234,0.298182495195285,-148153.345983122
121.4,-0.227135444749493,-21.0841845111402,20.8570490663907,-0.789222955093084,947067.546111699,-747447.447415031,1.45334280345301,0.295123306689574,-148721.009775238
121.5,-0.310087443672934,-21.0877873831484,20.7776999394755,-0.795611038382756,954733.246059306,-759596.309275784,1.44545484163657,0.288558497504374,-148382.094020453
121.6,-0.393833025679218,-21.0921943812489,20.6983613555697,-0.794809932980409,953771.919576488,-758067.395477184,1.42888255436118,0.278554648655202,-147159.322982629
121.7,-0.477626483454952,-21.0973616157266,20.6197351322716,-0.786833958297558,944200.749957068,-742929.213516242,1.40403535834814,0.265222038432791,-145084.490078295
121.8,-0.560728170992089,-21.1032402195784,20.5425120485864,-0.771780491559681,926136.589871615,-714774.152582521,1.37140513916705,0.248715569793025,-142198.290429661
121.9,-0.64241222587837,-21.109776688029,20.4673644621506,-0.749831803704737,899798.164445683,-674697.280616519,1.33155980854344,0.229234540430062,-138549.94413135
122,-0.72197434995573,-21.1169132730579,20.3949389231022,-0.721255151557288,865506.181868744,-624250.792377511,1.28513514358652,0.207021160502876,-134196.608052616
122.1,-0.798739521678066,-21.1245884338033,20.3258489121252,-0.686400979846301,823681.175815559,-565375.566160753,1.23282507583627,0.182357779834813,-129202.5835962
122.2,-0.872069501207129,-21.1327373423811,20.260667841174,-0.645699176344724,774839.011613667,-500312.911598705,1.17537066748023,0.155562848575862,-123638.337349168
122.3,-0.94136998229876,-21.1412924430697,20.1999224607709,-0.599653415869273,719584.099043126,-431501.062996423,1.11354807085324,0.126985699308299,-117579.36044161
122.4,-1.00609724392379,-21.1501840610223,20.1440868170985,-0.54883371729575,658600.460754899,-361462.139088805,1.04815581247608,0.0970003005698645,-111104.900154554
122.5,-1.06576415954757,-21.1593410548003,20.0935768952528,-0.493867416275563,592640.899530674,-292686.029830439,0.980001772273718,0.0659981878698694,-104296.603428231
122.6,-1.119945432911,-21.1686915051768,20.0487460722658,-0.435428820540516,522514.584648617,-227517.909308765,0.909890240942832,0.0343808247776758,-97237.1160479488
122.7,-1.16828194552752,-21.1781634309612,20.0098814854336,-0.37422786173896,449073.434086752,-168055.791002057,0.838609433259955,0.00255168032668829,-90008.6831767149
122.8,-1.21048412215567,-21.1876855211476,19.9772013989919,-0.310998086471868,373197.70376624,-116063.771746996,0.766919812813218,-0.0290916727245863,-82691.7964476612
122.9,-1.24633424521834,-21.1971878715789,19.9508536263606,-0.246484339864263,295781.207837115,-72905.4357579858,0.695543545378553,-0.0601651328893325,-75363.9300567333
123,-1.27568767634563,-21.2066027136162,19.9309150372705,-0.181430489048071,217716.586857684,-39500.4268274665,0.625155345880123,-0.0903050284285091,-68098.4033841539
123.1,-1.2984729716641,-21.215865122042,19.9173921503779,-0.116567513589774,139881.016307728,-16305.5822694025,0.556374920210241,-0.119174202403103,-60963.4009337324
123.2,-1.31469090587387,-21.2249136896212,19.9102227837473,-0.0526022578788208,63122.7094545851,-3320.39704073996,0.48976113139184,-0.146467015191212,-54021.172239233
123.3,-1.32441244733855,-21.2336911563659,19.9092787090273,0.00979290032098849,-11751.480385187,-115.081076036188,0.425807943405931,-0.171913115140021,-47327.425360646
123.4,-1.32777575127291,-21.242144982574,19.9143692313011,0.0699892577376823,-83987.1092852182,-5878.19543840603,0.36494211957844,-0.195279895977599,-40930.9182464573
123.5,-1.32498225973037,-21.2502278560513,19.925245596321,0.127409712574035,-152891.655088841,-19479.8818298378,0.307522579960441,-0.216373631293738,-34873.2431503416
123.6,-1.31629201476036,-21.2578981255323,19.9416061107719,0.181535304395648,-217842.365274777,-39546.0800904246,0.253841257761169,-0.235039347059063,-29188.7910146987
123.7,-1.30201830434888,-21.265120154083,19.9631018497341,0.231910310698373,-278292.372838047,-64538.8706498587,0.204125242327527,-0.251159558075228,-23904.8757561039
123.8,-1.28252176935066,-21.2718645881339,19.9893428187833,0.278145891023948,-333775.069228736,-92838.1640322067,0.158539958452169,-0.264652049120619,-19041.993096279
123.9,-1.25820410358793,-21.2781085396623,20.0199044360744,0.319922312181057,-383906.774617267,-122820.342997528,0.117193111040852,-0.275466922786955,-14614.1852370756
124,-1.22950147888299,-21.2838356808617,20.0543342019787,0.356989825159367,-428387.79019124,-152930.082320779,0.080139121338574,-0.2835831610074,-10629.48139529
124.1,-1.19687782246613,-21.2890362523373,20.0921584298711,0.389168294712573,-467001.953655087,-181742.35393139,0.0473837956888773,-0.289004954675671,-7090.38495789268
124.2,-1.16081806658216,-21.2937069874078,20.1328889208256,0.416345705635535,-499614.846762641,-208012.495921381,0.0188889985673,-0.291758045477828,-3994.38060922566
124.3,-1.12182147994881,-21.2978509564425,20.1760294764937,0.438475685088872,-526170.822106646,-230713.111696987,-0.0054228544405619,-0.291886297347551,-1334.43890749757
124.4,-1.0803951788076,-21.3014773363002,20.2210821574926,0.455574187900562,-546689.025480674,-249057.408817508,-0.0256646147988836,-0.289448674267344,900.49896687367
124.5,-1.03704790246446,-21.3046011108566,20.2675532083921,0.467715491947082,-561258.590336497,-262509.33768876,-0.0419806034029255,-0.284516749943022,2725.06768907535
124.6,-0.992284125211164,-21.3072427093088,20.3149585840976,0.475027644231601,-570033.17307792,-270781.515341069,-0.0545432124296673,-0.277172817385416,4157.06089388788
124.7,-0.946598564012302,-21.3094275894486,20.3628290254363,0.477687486268888,-573224.983522664,-273822.401445466,-0.063549869085187,-0.267508607253023,5217.0506940735
124.8,-0.900471129857301,-21.3111857734109,20.4107146435536,0.475915371343627,-571098.445612351,-271794.528817371,-0.0692202802450383,-0.255624567592874,5928.0386295385
124.9,-0.854362360559506,-21.3125513435617,20.4581889830022,0.469969667896672,-563963.601476005,-265045.786491489,-0.0717938464584862,-0.241629608689263,6315.12949897079
125,-0.808709364188431,-21.313561906218,20.5048525420296,0.460141124642035,-552169.349570441,-254075.825504204,-0.0715271185202315,-0.225641178755385,6405.21742090342
125.1,-0.763922295213114,-21.3142580308106,20.5503357355975,0.446747155969318,-536096.58716318,-239499.625640008,-0.0686911707877078,-0.207785511905479,6226.67294616897
125.2,-0.720381379604913,-21.3146826719544,20.5943012923495,0.430126092519795,-516151.311023753,-222010.146559617,-0.0635687821693198,-0.188197880806627,5809.02107812525
125.3,-0.678434500248557,-21.3148805816882,20.6364460814397,0.410631432964555,-492757.719557465,-202341.808486228,-0.0564513463535886,-0.16702269296054,5182.60249446004
125.4,-0.638395349597726,-21.3148977189215,20.6765023693238,0.38862612985586,-466351.355827031,-181236.322568092,-0.0476354742794363,-0.144413290776811,4378.21382763803
125.5,-0.600542152101575,-21.314780662888,20.7142385107865,0.364476945199431,-437372.334239316,-159412.13229829,-0.0374192999948733,-0.120531349371221,3426.72717705069
125.6,-0.565116954056798,-21.3145760371633,20.7494590831065,0.338548919600308,-406258.703520369,-137538.445155043,-0.0260985512507114,-0.095545809269309,2358.69365812983
125.7,-0.532325472814609,-21.3143299505602,20.7820044777456,0.311200011240994,-373440.013489193,-116214.536395674,-0.0139624935784446,-0.0696313301006414,1203.94027938691
125.8,-0.502337490427788,-21.3140874609559,20.8117499705282,0.282775975714268,-339331.170857121,-95954.7029293874,-0.00128989659644992,-0.0429663016995915,-8.82667219926567
125.9,-0.47528776875361,-21.3138920678218,20.8386042990682,0.253605572589429,-304326.687107314,-77178.9437380942,0.0116548000981606,-0.0157304964752837,-1252.39566281304
126,-0.451277453812263,-21.3137852388897,20.8625077850775,0.223996197111575,-268795.436533889,-60209.1555845368,0.0246249298629897,0.0118975125636302,-2501.38370167742
126.1,-0.430375927098687,-21.3138059759877,20.883430048889,0.194230043318787,-233076.051982544,-45270.3716731413,0.0373944611039865,0.0397430135959038,-3732.51216050427
126.2,-0.412623050992231,-21.3139904245748,20.9013673735826,0.16456090621976,-197473.087463712,-32496.3502270425,0.0497601073488636,0.0676377258721173,-4924.80841429858
126.3,-0.398031744972908,-21.3143715308994,20.9163397859265,0.135211724251247,-162254.069101497,-21938.6524499944,0.0615425481743704,0.095422103298882,-6059.72014713595
126.4,-0.386590819697783,-21.3149787499708,20.9283879302731,0.106372948562696,-127647.538275235,-13578.2450231063,0.0725866711868833,0.122947209490434,-7121.13355970125
126.5,-0.378267987816663,-21.3158378066851,20.9375698188684,0.0782018031175227,-93842.163741027,-7338.62641299812,0.0827608024387947,0.150076028217652,-8095.29214329117
126.6,-0.373012964389101,-21.3169705114796,20.9439575470905,0.0508224702938471,-60986.9643526165,-3099.50818412277,0.0919549554553255,0.176684111359164,-8970.61874858071
126.7,-0.370760566504785,-21.3183946308476,20.9476340643429,0.024327202380947,-29192.6428571363,-710.175330820262,0.100078192704394,0.202659513686173,-9737.44991674998
126.8,-0.371433721670783,-21.3201238119394,20.9486900902687,-0.00122167769810404,1466.01323772486,-1.79099567765376,0.107055253001315,0.22790201639153,-10387.6973712289
126.9,-0.374946298004424,-21.3221675593692,20.9472212613647,-0.0257889605426411,30946.7526511693,-798.084583043879,0.112822649391021,0.25232169505532,-10914.456720287
127,-0.381205676346955,-21.3245312612743,20.9433255849273,-0.0493630288144993,59235.634577399,-2924.0503364893,0.117324480491444,0.275836938453062,-11311.5873758125
127.1,-0.390114994957209,-21.3272162606911,20.9371012657339,-0.0719517708103905,86342.1249724682,-6212.46878730113,0.120508221021601,0.298372068202279,-11573.290119218
127.2,-0.401575011105066,-21.3302199674599,20.9286449563549,-0.0935780946979929,112293.713637591,-10508.2317687678,0.122320762328656,0.319854742187051,-11693.7094212127
127.3,-0.415485540103667,-21.3335360052016,20.9180504650979,-0.114275226370962,137130.271645154,-15670.5928345614,0.122704960512568,0.340213344288688,-11666.5864584497
127.4,-0.431746450365072,-21.3371543874392,20.9054079370741,-0.134081982498187,160898.378997823,-21573.5736367728,0.121596918910445,0.359374567502097,-11484.9858154853
127.5,-0.450258212069691,-21.3410617167054,20.8908035046357,-0.153038209694722,183645.851633666,-28104.8323518789,0.118924185228559,0.377261386511432,-11141.1142993051
127.6,-0.470922016055688,-21.3452414004758,20.8743193844201,-0.171180570754497,205416.684905396,-35163.3453646024,0.114604984638198,0.393791589921144,-10626.2444322277
127.7,-0.493639497588408,-21.3496738780084,20.85603438042,-0.188538839985606,226246.607982727,-42656.2730197416,0.108548542752488,0.408877003430723,-9930.7484328609
127.8,-0.518312115824955,-21.3543368526252,20.8360247368002,-0.205132842801732,246159.411362078,-50495.379835104,0.100656481279586,0.422423486159502,-9044.24131816156
127.9,-0.544840253208783,-21.3592055246232,20.8143652714144,-0.220970141249021,265164.169498824,-58593.3639883344,0.0908251992954398,0.434331726723097,-7955.82466959619
128,-0.573122109030304,-21.3642528208107,20.7911307117804,-0.236044528916806,283253.434700167,-66860.4235578681,0.0789490894062264,0.444498807699792,-6654.4161044698
128.1,-0.603052467488386,-21.3694496175809,20.7663971500925,-0.250335357865754,300402.429438904,-75201.34967733,0.0649243850364711,0.452820451159208,-5129.14403791347
128.2,-0.634521422534771,-21.3747649554204,20.7402435328856,-0.263807679194582,316569.215033498,-83513.3899224379,0.0486533963584883,0.459193808167323,-3369.78329226949
128.3,-0.667413139577075,-21.3801662437407,20.7127531041636,-0.276413140089792,331695.768107749,-91685.0688171584,0.0300488705855704,0.463520615371567,-1367.2047829819
128.4,-0.701604728003606,-21.3856194558718,20.6840147278682,-0.288091545952996,345709.855143594,-99596.0866195044,0.00903820884247447,0.465710514888625,886.187968447605
128.5,-0.736965288949293,-21.3910893149174,20.6541240259681,-0.298772968437475,358527.562124969,-107118.344002728,-0.0144327133937608,0.465684321759873,3396.06136215415
128.6,-0.773355190415341,-21.3965394718976,20.6231842814822,-0.308380260413867,370056.312496639,-114118.062015509,-0.0403963435614804,0.463377027059045,6165.81603943313
128.7,-0.810625607595256,-21.4019326781702,20.591307070575,-0.31683182787756,380198.193453071,-120458.888587483,-0.0688610421611385,0.458740343984844,9196.33114543921
128.8,-0.848618350943834,-21.4072309544926,20.5586126035488,-0.324044506796459,388853.40815575,-126005.810861952,-0.0998095840504106,0.451744637425353,12485.8009606251
128.9,-0.887165989069921,-21.4123957592675,20.5252297701976,-0.329936399419992,395923.679303989,-130629.633194674,-0.133198625780287,0.442380121966333,16029.6699097017
129,-0.926092258816521,-21.4173881585002,20.4912958996837,-0.334429538604523,401315.446325427,-134211.739549481,-0.16895912871975,0.430657265706532,19820.665327688
129.1,-0.965212741693662,-21.4221689998033,20.4569562581096,-0.337452268795376,404942.722554451,-136648.840458176,-0.206997665534657,0.416606393532097,23848.9210061366
129.2,-1.00433577478849,-21.4266990924377,20.4223633176492,-0.338941256699389,406729.508039266,-137857.410591553,-0.247198482762939,0.400276539411044,28102.1789134543
129.3,-1.04326355585384,-21.4309393949182,20.3876758390643,-0.338843071524336,406611.685829203,-137777.552544056,-0.2894261484964,0.381733648582072,32566.051971061
129.4,-1.08179339673434,-21.4348512111601,20.3530578144258,-0.337115302125899,404538.362551078,-136376.072312923,-0.333528584342573,0.361058273403935,37224.3276678096
129.5,-1.11971907669082,-21.438396395556,20.3186773188651,-0.333727204820922,400472.645785106,-133648.616685103,-0.3793402665819,0.338342937961324,42059.2907895761
129.6,-1.15683224739903,-21.4415375667695,20.2847053193705,-0.328659899582303,394391.879498762,-129620.795512139,-0.426685383220107,0.313689364076503,47052.043683365
129.7,-1.19292384413053,-21.4442383294624,20.2513144853318,-0.321906152725771,386287.383270925,-124348.285395249,-0.475380750703415,0.287205754031867,52182.8041913658
129.8,-1.2277854624392,-21.4464635026438,20.2186780402046,-0.313469800279761,376163.760335713,-117915.97882492,-0.525238324521189,0.259004313121407,57431.1644858382
129.9,-1.26121066605052,-21.4481793528815,20.186968686831,-0.303364877599754,364037.853119704,-110436.298753336,-0.576067178911016,0.229199169334317,62776.2982141411
130,-1.2929961990095,-21.4493538302415,20.156357631232,-0.291614527393476,349937.43287217,-102046.839104304,-0.62767487883151,0.197904810305193,68197.1082519355
130.1,-1.32294308291447,-21.4499568045378,20.1270137216234,-0.278249760419078,333899.712502892,-92907.5150079287,-0.679868218279482,0.165235112284049,73672.3125440932
130.2,-1.35085758771664,-21.4499602992766,20.09910271156,-0.263308141223373,315969.769468047,-83197.4126814089,-0.732453348797843,0.131302986038452,79180.4705594825
130.3,-1.37655207165175,-21.4493387205557,20.072786648904,-0.246832466120247,296198.959344295,-73111.5195972031,-0.785235366766207,0.0962206143572851,84699.9573948501
130.4,-1.39984569205158,-21.4480690781341,20.0482233860825,-0.228869493017442,274643.39162093,-62857.493800873,-0.838017464428457,0.0601002092140954,90208.8961892401
130.5,-1.42056499384679,-21.4461311958931,20.0255662020463,-0.209468773580896,251362.528297075,-52652.6005265816,-0.890599775013708,0.0230551773499225,95685.0619935168
130.6,-1.43854438644403,-21.443507908976,20.004963522532,-0.188681628452564,226417.954143076,-42720.9082986134,-0.942778055150153,-0.0147984459153355,101105.771424518
130.7,-1.45362652238406,-21.4401852449925,19.9865587226085,-0.166560296591772,199872.355910127,-33290.798880887,-0.994342347550371,-0.0533404512955118,106447.772281562
130.8,-1.46566259292489,-21.4361525868203,19.9704899938954,-0.143157280929924,171788.737115909,-24592.8084998991,-1.04507575427989,-0.0924449581192561,111687.145893894
130.9,-1.47451255668059,-21.4314028147075,19.9568902580269,-0.118524904875333,142229.885850399,-16857.783690848,-1.09475342748664,-0.131979113810583,116799.232490175
131,-1.48004531796995,-21.4259324255968,19.9458871076269,-0.0927150880488923,111258.10565867,-10315.3050622966,-1.14314185285837,-0.171802116276539,121758.586616336
131.1,-1.48213887188441,-21.4197416278362,19.9376027559517,-0.0657793450505566,78935.2140606677,-5192.3066823362,-1.18999846456683,-0.211764652198543,126538.965923651
131.2,-1.48068043353961,-21.4128344097379,19.9321539761983,-0.0377690079504993,45322.8095405991,-1711.79755387785,-1.23507159273947,-0.251708804182093,131113.352888095
131.3,-1.47556656973514,-21.4052185807828,19.9296520110476,-0.00873567130671002,10482.805568052,-91.5743438146518,-1.27810070934645,-0.291468436277977,135454.005589558
131.4,-1.4667033524247,-21.3969057846508,19.9302024322261,0.0212681425638926,-25521.7710766709,-542.800665741668,-1.31881690934588,-0.330870024443505,139532.530927306
131.5,-1.45400655499894,-21.3879114836929,19.9339049286939,0.0521881010941344,-62625.7213129614,-3268.31747497391,-1.3569435439836,-0.369733859894024,143319.97186303
131.6,-1.43740191428418,-21.3782549149309,19.9408530006467,0.083966965807986,-100760.358969583,-8460.54161639937,-1.39219691447338,-0.407875522439274,146786.899660803
131.7,-1.41682548312719,-21.3679590181794,19.9511335350522,0.116543289423611,-139851.947308332,-16298.8059716105,-1.42428693804407,-0.445107500552621,149903.502719664
131.8,-1.39222410012604,-21.3570503374111,19.9648262372851,0.149849914941276,-179819.89792953,-26945.996409489,-1.45291771454296,-0.481240826903663,152639.665434639
131.9,-1.36355600405948,-21.3455588970154,19.9820028929559,0.183812291110457,-220574.749332548,-40544.3500359303,-1.47778794927076,-0.516086603126974,154965.033421862
132,-1.33079162039855,-21.3335180551162,20.0027264347177,0.218346626001751,-262015.9512021,-57210.298903618,-1.49859122422757,-0.549457305274223,156849.065139941
132.1,-1.29391454549242,-21.3209643365884,20.027049791096,0.253357909945494,-304029.491934592,-77028.2766383387,-1.51501615226652,-0.581167790144683,158261.074081859
132.2,-1.25292275018976,-21.307937248831,20.0550144986413,0.288737850604289,-346485.420725145,-100043.455645901,-1.52674649287732,-0.611035959943979,159170.269888449
132.3,-1.2078300184711,-21.294479083691,20.0866490652199,0.324362775894968,-389235.331073961,-126253.452463547,-1.53346135016354,-0.638883085119832,159545.810509617
132.4,-1.15866762795004,-21.2806347091719,20.1219670812219,0.36009157408194,-432109.888898328,-155599.130069771,-1.53483560869737,-0.664533828886794,159356.880489008
132.5,-1.10548626785189,-21.2664513546867,20.1609650868348,0.395763753654078,-474916.504384893,-187954.738447639,-1.53054078731874,-0.687816057811361,158572.812197725
132.6,-1.04835817650247,-21.2519783936204,20.2036202171179,0.431197717505937,-517437.261007123,-223117.765898795,-1.52024650124072,-0.708560556975043,157163.267103506
132.7,-0.98737946487201,-21.2372671268463,20.2498876619743,0.466189355423405,-559427.226508084,-260799.018132107,-1.50362271664987,-0.726600792255065,155098.492757639
132.8,-0.922672575944407,-21.2223705705935,20.2996979946491,0.500511064991155,-600613.277989385,-300613.591414296,-1.48034295817534,-0.7417728735504,152349.668070471
132.9,-0.854388812429757,-21.2073432517056,20.3529544392759,0.533911313043213,-640693.575651854,-342073.548234632,-1.45008858832999,-0.753915869764456,148889.34472913
133,-0.782710848569785,-21.1922410128647,20.4095301642949,0.566114847121222,-679337.816545465,-384583.224157301,-1.4125542208955,-0.762872608660643,144691.986531845
133.1,-0.70785512656423,-21.1771208298097,20.4692657032454,0.596823658722611,-716188.390467132,-427438.175533252,-1.36745426018291,-0.768491063212056,139734.601344648
133.2,-0.630074025577112,-21.1620406419671,20.5319666163899,0.625718787176827,-750862.544612191,-469828.800751246,-1.31453047929986,-0.770626382857303,133997.452806449
133.3,-0.549657682449844,-21.1470591972535,20.5974015148036,0.652463034613835,-782955.6415366,-510849.613844993,-1.25356046809005,-0.769143576295247,127464.831366871
133.4,-0.46693533914447,-21.1322359111284,20.665300571984,0.676704638544979,-812045.566253973,-549515.001393948,-1.18436670098783,-0.763920796065402,120125.857318772
133.5,-0.382276093392775,-21.1176307392765,20.7353546458838,0.698081918959213,-837698.302751054,-584782.038693332,-1.10682590258185,-0.754853118638513,111975.282751586
133.6,-0.296088936634632,-21.103304062597,20.8072151259624,0.716228881556961,-859474.657868352,-615580.572931602,-1.02087832993986,-0.741856661702674,103014.25531176
133.7,-0.208821977393459,-21.0893165824774,20.8804946050839,0.730781718062215,-876938.061674656,-640850.303344753,-0.926536550819796,-0.724872837164328,93251.0047212286
133.8,-0.120960768718628,-21.0757292236299,20.9547684549112,0.741386099173071,-889663.319007683,-659584.017656474,-0.823893279863451,-0.703872507888417,82701.4134463477
133.9,-0.0330256847983001,-21.0626030410832,21.0295773562849,0.747705106967631,-897246.128361155,-670875.512382571,-0.713127843450653,-0.678859801262362,71389.4358371897
134,0.0544316765099424,-21.0499991272535,21.1044308037634,0.749427603596249,-899313.124315497,-673970.079638418,-0.594510879159924,-0.649875335007269,59347.3354027038
134.1,0.140833052882414,-21.0379785143953,21.1788115672777,0.746276784822848,-895532.141787415,-668314.847478631,-0.468406937014934,-0.616998630680541,46615.7174045742
134.2,0.225578988127239,-21.0266020671814,21.2521810553087,0.73801862414637,-885622.348975642,-653605.787504279,-0.335274734336863,-0.580349527052357,33243.3432302684
134.3,0.308055125303476,-21.0159303597345,21.3239854850379,0.724469880075032,-869363.856090037,-629827.928563116,-0.195664919766994,-0.540088456721691,19286.7234937128
134.4,0.387639196446674,-21.0060235311854,21.393662727632,0.705505320002557,-846606.384003066,-597285.30786229,-0.050215319046825,-0.496415511554155,4809.49785979332
134.5,0.46370854953021,-20.996941113832,21.4606496633622,0.681063813024396,-817276.575629273,-556617.500893594,0.100356241550869,-0.44956829148355,-10118.3795076571
134.6,0.535648025432678,-20.9887418282785,21.5243898537112,0.651152963966637,-781383.556759963,-508800.218979043,0.255261316365668,-0.399818602084961,-25421.6199216238
134.7,0.602857977201104,-20.9814833406027,21.5843413178038,0.615852003438689,-739022.404126424,-455128.428167334,0.413652095723243,-0.347468134091611,-41020.7080717425
134.8,0.664762212208295,-20.9752219776603,21.6399841898686,0.57531271353051,-690375.25623661,-397181.662019805,0.574634109419433,-0.29284331789786,-56833.0938648542
134.9,0.720815635821616,-20.9700123980916,21.6908280339133,0.529758253408743,-635709.90409049,-336772.568465618,0.737279879726213,-0.236289593855917,-72774.4202203755
135,0.770511383278475,-20.9659072184143,21.7364186016928,0.479479848981384,-575375.81877766,-275881.110695053,0.90064298118744,-0.178165371520505,-88759.7375622271
135.1,0.813387244334532,-20.9629565956997,21.7763438400342,0.424831419642131,-509797.703570556,-216578.082138178,1.06377195176212,-0.118835965748228,-104704.657271283
135.2,0.849031212042714,-20.961207770632,21.8102389826747,0.366222325228356,-439466.790274026,-160942.549794796,1.2257235195213,-0.0586677938261082,-120526.400556946
135.3,0.877086021314547,-20.9607045771064,21.8377905984209,0.304108519505945,-364930.223407133,-110978.389963317,1.3855746597529,0.00197690397469974,-136144.705777149
135.4,0.897252582840597,-20.9614869267866,21.8587395096272,0.238982484734072,-286778.981680885,-68535.1536116048,1.5424330754257,0.0627445961391002,-151482.565737134
135.5,0.909292261321195,-20.9635902790592,21.8728825403804,0.17136238820354,-205634.865844248,-35238.0817089848,1.69544579403682,0.123294071286639,-166466.776368406
135.6,0.91302799143768,-20.9670451084503,21.880073099888,0.101780940862998,-122137.129035597,-12431.2319075485,1.84380568896307,0.18329901795859,-181028.288797525
135.7,0.90834426823519,-20.9718763826856,21.8802206509207,0.0307744472784562,-36929.3367341474,-1136.47992635337,1.98675585567112,0.242449528507234,-195102.367499348
135.8,0.895186088403349,-20.978103065097,21.8732891535004,-0.0411274852429841,49352.9822915813,-2029.76405089426,2.12359189433057,0.300452550633143,-208628.567348604
135.9,0.873556953431759,-20.9857376549626,21.8592946083943,-0.113411160448318,136093.392537982,-15434.509577081,2.25366226266284,0.357031374392572,-221550.551354444
136,0.843516073281815,-20.9947857786069,21.8383018518888,-0.185586586070282,222703.903284338,-41330.8571150666,2.37636695930831,0.411924299072948,-233815.778197592
136.1,0.805174929019341,-21.0052458427452,21.8104207717645,-0.257193594436773,308632.313324127,-79378.2540231688,2.49115487306513,0.464882669739337,-245375.094025117
136.2,0.758693364262299,-21.0171087596893,21.7758021239516,-0.327806142652836,393367.371183403,-128948.240593118,2.59752018325421,0.515668504888382,-256182.266070489
136.3,0.704275378283743,-21.0303577517852,21.7346331300689,-0.39703475102864,476441.701234367,-189163.912229248,2.69499821933805,0.564051952924357,-266193.496482565
136.4,0.642164788609129,-21.0449682399332,21.6871330285423,-0.464527141248674,557432.569498408,-258942.557947999,2.7831611838678,0.609808815594101,-275366.953338302
136.5,0.57264091880511,-21.060907818417,21.6335487372221,-0.529967228066871,635960.673680244,-337038.315389859,2.86161411378406,0.652718361657208,-283662.352386465
136.6,0.496014449044843,-21.0781363156655,21.5741507647104,-0.593072694754593,711687.23370551,-422082.265516169,2.92999140455355,0.692561625488505,-291040.617943519
136.7,0.412623544357491,-21.096605938139,21.5092294824965,-0.653591439369244,784309.72724309,-512618.123540111,2.98795415430643,0.72912034541781,-297463.64494593
136.8,0.322830349762743,-21.1162614923672,21.4390918421299,-0.711297214096371,853556.656915642,-607132.472137508,3.03518850656854,0.762176648458887,-302894.176919729
136.9,0.227017914323152,-21.1370406783796,21.3640585927027,-0.765984793085166,919181.751702198,-704079.243885269,3.07140508624802,0.7915135351295,-307295.807047568
137,0.125587579024231,-21.1588744463966,21.2844620254208,-0.817464996540447,980957.995848534,-801898.824682646,3.09633954006241,0.816916163946801,-310633.102076155
137.1,0.0189568376758444,-21.1816874077433,21.2006442454192,-0.865559872870104,1038671.84744412,-899032.67222749,3.10975411495882,0.838173883441879,-312871.84195581
137.2,-0.092442343130152,-21.2053982904926,21.1129559473625,-0.910098299951418,1092117.9599417,-993934.69868935,3.11144014089093,0.85508291340577,-313979.362217174
137.3,-0.208164778683319,-21.2299204303207,21.0217556516374,-0.950912215281706,1141094.65833804,-1085080.84940635,3.10122123115506,0.867449539275325,-313924.981461577
137.4,-0.327752944782944,-21.2551622874149,20.927409342632,-0.987833627441266,1185400.35292952,-1170978.33060452,3.07895697675444,0.875093656141894,-312680.493165999
137.5,-0.450737540997121,-21.2810279809425,20.8302904399454,-1.02069250240433,1224831.0028852,-1250175.8213573,3.04454689210315,0.877852483097941,-310220.699369867
137.6,-0.576637806187655,-21.3074178334895,20.7307800273018,-1.04931556191256,1259178.67429507,-1321275.77816625,2.99793436771058,0.875584264985014,-306523.963702196
137.7,-0.704961656807107,-21.3342289189326,20.6292672621255,-1.07352598087144,1288231.17704573,-1382949.63792718,2.93911040007147,0.868171786716266,-301572.762507776
137.8,-0.835205717723571,-21.3613556083195,20.5261498905959,-1.09314392920334,1311772.71504401,-1433956.37994494,2.86811689762122,0.855525544109696,-295354.215337697
137.9,-0.966855311600689,-21.3886901094346,20.421834797834,-1.10798787248824,1329585.44698588,-1473164.55069722,2.78504940133117,0.837586442827945,-287860.579511231
138,-1.09938446690855,-21.4161229967497,20.3167385298411,-1.11787652573254,1341451.83087905,-1499577.51214063,2.69005910583857,0.8143279313145,-279089.697513523
138.1,-1.23225599726383,-21.4435437293449,20.211287732081,-1.12263134544489,1347157.61453386,-1512361.36533047,2.58335411820979,0.785757511944354,-269045.390322844
138.2,-1.36492169677998,-21.47084115511,20.10591945833,-1.1220794457244,1346495.33486928,-1510874.73902062,2.46519994282118,0.751917614213802,-257737.794016788
138.3,-1.49682268816433,-21.4979040000723,20.0010813119079,-1.11605683245734,1339268.1989488,-1494699.42392965,2.33591922896698,0.712885851951344,-245183.640865079
138.4,-1.62738995302602,-21.5246213420559,19.8972313890298,-1.10441186367984,1325294.23641581,-1463670.67756414,2.19589085968768,0.668774720714314,-231406.489295282
138.5,-1.75604506770398,-21.5508830680738,19.7948380003698,-1.08700886117682,1304410.63341218,-1417905.91713231,2.04554849359415,0.619730819574441,-216436.909393304
138.6,-1.88220116315987,-21.57658031492,19.6943791517602,-1.06373181593161,1276478.17911793,-1357830.45147018,1.88537869449892,0.565933701702417,-200312.631821172
138.7,-2.00526412420029,-21.6016058924097,19.5963417682094,-1.0344881458223,1241385.77498676,-1284198.86861623,1.71591879557854,0.507594469420874,-183078.668127457
138.8,-2.12463404141177,-21.625854688658,19.5012206472462,-0.999212476075973,1199054.97129116,-1198110.68681505,1.53775464545056,0.444954231214967,-164787.409400621
138.9,-2.23970692847256,-21.6492240567454,19.4095171282729,-0.95787042006502,1149444.50407802,-1101018.88996264,1.3515183735225,0.378282530713492,-145498.708162171
139,-2.34987671758004,-21.6716141821339,19.3217374645539,-0.910462339283142,1092554.80713977,-994730.005503514,1.15788629241513,0.307875841633121,-125279.945477943
139.1,-2.45453754614716,-21.6929284303123,19.2383908841652,-0.857027056617081,1028432.4679405,-881394.450928484,0.957577027808243,0.234056199411864,-104206.081707334
139.2,-2.55308634817592,-21.7130736743941,19.1599873262182,-0.797645486777278,957174.584132731,-763485.98709139,0.751349932655197,0.157170011496438,-82359.6853850644
139.3,-2.64492576331241,-21.7319606027682,19.0870348394558,-0.732444132942386,878932.959530862,-643769.289458068,0.540003805501861,0.0775870560797698,-59830.9307417325
139.4,-2.72946737507687,-21.7495040074185,19.0200366323416,-0.661598380725592,793918.056870708,-525254.900854469,0.324375893808325,-0.00430035419839425,-36717.5506337322
139.5,-2.80613528678177,-21.7656230541491,18.9594877673674,-0.585335501228221,702402.601473863,-411141.17879771,0.1053411248223,-0.0880780991173624,-13124.7284782805
139.6,-2.87437003896218,-21.780241536639,18.9058714976768,-0.503937256156452,604724.70738774,-304743.309770991,-0.116188529359167,-0.173310952361569,10835.0895430288
139.7,-2.93363286565207,-21.7932881169454,18.8596552512933,-0.417741981767429,501290.378120914,-209410.035997175,-0.339264677657141,-0.259543364620705,35042.482000837
139.8,-2.98341027860977,-21.8046965557092,18.8212862770994,-0.327146016766043,392575.220119251,-128429.419543066,-0.562903278065644,-0.346300450920934,59371.459437033
139.9,-3.02321895883732,-21.8144059358004,18.7911869769631,-0.232604334015241,279125.200818288,-64925.7314432083,-0.786085718501449,-0.433089311811483,83690.0098962826
140,-3.05261092379752,-21.8223608834124,18.7697499596149,-0.134630238596118,161556.286315341,-21750.361373337,-1.00776039270622,-0.519400815634294,107860.798614649
140.1,-3.07117892705497,-21.8285117905859,18.757332863531,-0.033794006514644,40552.8078175721,-1370.44185157414,-1.22684495675088,-0.604711957077425,131742.033606121
140.2,-3.07856203515666,-21.832815042765,18.7542530076083,0.0692796401468971,-83135.5681762747,-5759.60224666014,-1.44222944619867,-0.688488885909911,155188.503582866
140.3,-3.07445131494107,-21.8352332542291,18.760781939288,0.173915294551385,-208698.353461662,-36295.8356146741,-1.65278041949094,-0.770190670142387,178052.788351588
140.4,-3.05859555359814,-21.8357355131003,18.7771399595022,0.279391895421204,-335270.274505444,-93671.7974724632,-1.85734626962629,-0.84927382130828,200186.634824491
140.5,-3.03080692409725,-21.8342976361313,18.803490712034,0.384949010815686,-461938.812978823,-177822.88911357,-2.05476381394279,-0.925197568027509,221442.48439774
140.6,-2.99096650033975,-21.8309024317125,18.8399359313728,0.489794306432872,-587753.167719445,-287878.155136869,-2.24386623127907,-0.99742981977071,241675.130044335
140.7,-2.93902951974251,-21.8255399676052,18.8865104478627,0.593112073829386,-711734.488595262,-422138.318546633,-2.42349236780025,-1.06545371829731,260743.474416195
140.8,-2.87503028595639,-21.8182078379469,18.9431775519905,0.694072639824019,-832887.167788821,-578084.195222737,-2.59249737851279,-1.12877463220413,278512.353917823
140.9,-2.79908660101863,-21.8089114222609,19.0098248212423,0.791842430037473,-950210.916044966,-752417.320809179,-2.74976461256353,-1.18692741294882,294854.388438353
141,-2.71140361432471,-21.7976641276783,19.0862605133535,0.885594421443439,-1062713.30573212,-941132.975150085,-2.89421858886892,-1.23948370095406,309651.812499752
141.1,-2.61227697528664,-21.7844876045267,19.1722106292401,0.974518695092923,-1169422.4341115,-1139624.02450273,-3.02483884692569,-1.28605904995023,322798.241222809
141.2,-2.50209517738588,-21.7694119249642,19.2673167475783,1.05783279415376,-1269399.35298451,-1342812.26446457,-3.14067439865367,-1.32631962808623,334200.323881332
141.3,-2.38134098361814,-21.7524757145278,19.3711347309097,1.13479160609227,-1361749.92731072,-1545302.38710896,-3.24085845390028,-1.35998825644924,343779.238978657
141.4,-2.25059182730155,-21.7337262273549,19.4831344000533,1.20469652145735,-1445635.82574882,-1741552.45057372,-3.32462304795165,-1.3868495597408,351471.987726229
141.5,-2.1105190882882,-21.713219357367,19.6027002690788,1.26690367348362,-1520284.40818033,-1926053.90146353,-3.39131316706067,-1.40675402951955,357232.447437823
141.6,-1.96188615333061,-21.6910195797934,19.7291334264628,1.32083112864737,-1584997.35437684,-2093513.84448465,-3.44039995024692,-1.41962083652372,361032.152507496
141.7,-1.80554518134918,-21.6671998198741,19.861654638525,1.36596497250332,-1639157.96700398,-2239032.3673272,-3.47149254445838,-1.42543927338833,362860.778083761
141.8,-1.64243251027191,-21.6418412482361,19.9994087379642,1.40186431030883,-1682237.17237059,-2358268.25342116,-3.48434820679313,-1.42426876031458,362726.310003863
141.9,-1.47356266251726,-21.6150330050276,20.1414703425103,1.42816527017805,-1713798.32421366,-2447587.2467313,-3.47888028207263,-1.41623740128558,360654.893689359
142,-1.30002093140146,-21.5868718572273,20.2868509258258,1.44458415018334,-1733500.98022,-2504188.04035309,-3.4551637358015,-1.40153913438458,356690.364180234
142.1,-1.12295456078462,-21.5574617953863,20.4345072346017,1.45091988361426,-1741103.86033711,-2526202.21040067,-3.41343798958277,-1.38042957373839,350893.468939821
142.2,-0.943562564740542,-21.5269135772839,20.5833510125434,1.44705600438133,-1736467.2052576,-2512765.29577928,-3.35410688559698,-1.35322068978442,343340.804135965
142.3,-0.763084272102041,-21.4953442264755,20.7322599543735,1.43296227599615,-1719554.73119538,-2464057.06131368,-3.27773569526856,-1.32027451643845,334123.493445575
142.4,-0.582786721109187,-21.4628764934846,20.8800897723755,1.40869610447167,-1690435.325366,-2381309.65770439,-3.18504518068476,-1.28199610624883,323345.645713339
142.5,-0.403951070377218,-21.4296382864949,21.0256872161177,1.37440379265157,-1649284.55118188,-2266782.94230601,-3.07690281139007,-1.23882597623275,311122.633729523
142.6,-0.227858232007147,-21.3957620769703,21.1679038449632,1.33032161815801,-1596385.94178961,-2123706.72928626,-2.95431132953838,-1.19123229689673,297579.240733223
142.7,-0.0557739687185723,-21.3613842838662,21.3056103151477,1.27677663823169,-1532131.96587802,-1956190.30072105,-2.81839493896384,-1.1397030747029,282847.723813853
142.8,0.111066272774234,-21.3266446382023,21.4377109109765,1.21418705169228,-1457024.46203073,-1769100.23579662,-2.67038346489076,-1.08473856437282,267065.844065629
142.9,0.271472497286112,-21.2916855279953,21.5631580252814,1.14306188999763,-1371674.26799715,-1567908.58123793,-2.51159488771311,-1.02684412296042,250374.912121316
143,0.424314957440863,-21.2566513221063,21.6809662795472,1.06399977327687,-1276799.72793224,-1358514.62103987,-2.34341669424932,-0.966523684166029,232917.894616518
143.1,0.568538299778076,-21.2216876706208,21.7902259703989,0.977686458212939,-1173223.74985552,-1147044.97268755,-2.16728651167025,-0.904273990942052,214837.622370697
143.2,0.703174758029917,-21.1869407790824,21.8901155371124,0.884890924791648,-1061869.10974998,-939638.33853434,-1.98467249236305,-0.840579679421194,196275.134860874
143.3,0.827356110146138,-21.1525566542894,21.9799127644356,0.786459797171092,-943751.756605308,-742222.815079672,-1.79705390272276,-0.77590926012911,177368.188232079
143.4,0.940324145098643,-21.1186803204327,22.0590044655313,0.683309966309391,-819971.959571265,-560295.012069286,-1.60590233657813,-0.710711995911067,158249.946021104
143.5,1.04143942382796,-21.0854550060157,22.1268944298437,0.57641937217375,-691703.2466085,-398711.151140617,-1.41266392686158,-0.645415632486114,139047.863393091
143.6,1.13018816407133,-21.0530213041221,22.1832094681934,0.466816003340245,-560179.204008293,-261500.617169471,-1.21874287021082,-0.580424899275813,119882.767445246
143.7,1.20618712905048,-21.0215163110039,22.2277034400543,0.355565272824502,-426678.327389402,-151711.995886515,-1.02548651205231,-0.51612066700641,100868.128446766
143.8,1.26918645272205,-20.9910727504568,22.2602592031789,0.243756022482845,-292507.226979412,-71300.3981959882,-0.834172168388047,-0.452859625960719,82109.5101472002
143.9,1.31907038710851,-20.9618180938258,22.2808884809343,0.132485486770265,-158982.584124318,-21062.8850457049,-0.645995789163851,-0.390974335538969,63704.1818206185
144,1.35585600787629,-20.9338736875615,22.2897296954378,0.022843604282904,-27412.3251394857,-626.196307960712,-0.462062500779495,-0.330773492296148,45740.8707592001
144.1,1.37968996083408,-20.9073539018731,22.2870438627072,-0.0841029011559576,100923.48138715,-8487.95757941862,-0.283379005615999,-0.272542269618704,28299.6316276255
144.2,1.39084337280067,-20.882365315077,22.2732086878777,-0.187326240137898,224791.488165476,-42109.3442930415,-0.110847767307531,-0.216542596925175,11451.8084743121
144.3,1.38970508420905,-20.8590059486695,22.2487110328786,-0.285852664381038,343023.197257244,-98054.0948804855,0.0547371261435202,-0.163013268506199,-4739.93380267584
144.4,1.37677338723475,-20.8373645679272,22.2141379551619,-0.378776583601871,454531.900322243,-172166.040342125,0.212692552498539,-0.112169800275615,-20221.5292853617
144.5,1.35264647200382,-20.8175200619996,22.1701665340034,-0.465273368198579,558328.041838294,-259775.16858582,0.362447539685865,-0.0642039849425228,-34947.3992608276
144.6,1.31801179483345,-20.7995409160655,22.117552710899,-0.544610576052654,653532.691263184,-355920.815458084,0.503543183411779,-0.0192831304463655,-48880.3214083379
144.7,1.27363458713628,-20.7834847862743,22.0571193734105,-0.616157408625939,739388.890351125,-455579.942645558,0.635631424937974,0.0224509990933721,-61991.2874620335
144.8,1.22034572250941,-20.7693981860002,21.9897439085096,-0.679392267210249,815270.720652297,-553888.623294098,0.758472796914634,0.0608834881119409,-74259.3516702013
144.9,1.15902915373842,-20.7573162895248,21.9163454432632,-0.733908340263468,880690.00831616,-646345.742289933,0.871933222183594,0.0959277392927329,-85671.4674198209
145,1.09060912215894,-20.7472628567393,21.8378719788982,-0.77941720416403,935300.644996835,-728989.413776247,0.975979926860174,0.127527003707378,-96222.3050364686
145.1,1.01603733019418,-20.7392502799464,21.7552876101406,-0.815750460850213,978900.553020253,-798538.5772528,1.07067650783663,0.155655849451919,-105914.040312458
145.2,0.936280254976563,-20.7332797514193,21.6695600063958,-0.842859466549015,1011431.35985882,-852494.496421547,1.15617717874445,0.180321436603957,-114756.101005132
145.3,0.852306767640741,-20.7293415481226,21.5816483157633,-0.860813227258244,1032975.87270989,-889199.294667301,1.23272020934469,0.201564463822627,-122764.857551105
145.4,0.765076209788152,-20.7274154279642,21.4924916377523,-0.86979455086542,1043753.4610385,-907851.072858211,1.30062057250425,0.219459657277229,-129963.244644604
145.5,0.675527066163834,-20.7274711301536,21.4029981963175,-0.870094555340573,1044113.46640869,-908477.44227997,1.36026182078089,0.234115685615101,-136380.302123341
145.6,0.584566360888275,-20.7294689707067,21.3140353315949,-0.862105640024636,1034526.76802956,-891871.361474743,1.4120872308262,0.245674404824846,-142050.626699501
145.7,0.493059893543617,-20.7333605228481,21.2264204163917,-0.84631303510787,1015575.64212944,-859494.904072191,1.4565902772803,0.254309363267866,-147013.73028927
145.8,0.401823420711317,-20.7390893710107,21.140912791722,-0.823285054879515,987942.065855416,-813357.937905558,1.49430452696309,0.260223528709236,-151313.305781074
145.9,0.311614877730587,-20.7465919262868,21.0582068040174,-0.793662194439456,952394.633327345,-755879.614658941,1.52579307692707,0.263646234500356,-154996.406730009
146,0.22312772393445,-20.7557982905348,20.9789260144692,-0.758145227709465,909774.273251356,-689741.023558363,1.55163769400955,0.264829379564188,-158112.553320496
146.1,0.136985481839961,-20.766633155859,20.9036186376989,-0.717482486409706,860978.983691645,-617737.341965583,1.57242784644998,0.26404295476011,-160712.782624608
146.2,0.0537375261846762,-20.7790167258535,20.8327542520381,-0.672456524154185,806947.82898502,-542637.332253032,1.58874984744656,0.261570004704793,-162848.666321108
146.3,-0.026143838112791,-20.7928656448187,20.7667218067059,-0.623870395434971,748644.474521964,-467057.124360224,1.60117635383064,0.257701167304705,-164571.323271064
146.4,-0.10226498929234,-20.8080939211332,20.7058289318408,-0.572533804142486,687040.564970982,-393353.948263039,1.61025647814253,0.252728961263587,-165930.457351343
146.5,-0.174311295450423,-20.8246138310982,20.6503025356478,-0.519249398374883,623099.278049859,-323543.925255213,1.61650677737996,0.246942012945142,-166973.452469088
146.6,-0.242046140827028,-20.8423367898916,20.6002906490646,-0.464799505566762,557759.406680113,-259246.296450127,1.62040337501772,0.240619426708351,-167744.556536675
146.7,-0.305308723970384,-20.8611741767823,20.555865452812,-0.409933612445465,491920.334934557,-201654.679935106,1.62237545348879,0.234025506030494,-168284.18428595
146.8,-0.364010707317604,-20.8810381025072,20.5170273951896,-0.355356896197195,426428.275436634,-151534.228409885,1.62280032167605,0.227405025655464,-168628.365149216
146.9,-0.418131825245911,-20.901842107695,20.483710282449,-0.301720104918312,362064.125901974,-109242.0260543,1.62200021626527,0.220979237420043,-168808.357141009
147,-0.467714584326103,-20.9235017824773,20.4557871981512,-0.249611065652386,299533.278782862,-74766.8209153436,1.62024093799874,0.214942764647971,-168850.440947223
147.1,-0.512858214109748,-20.9459352989381,20.4330770848283,-0.19954806615025,239457.6793803,-47783.3168451655,1.61773235571089,0.209461502979594,-168775.900566893
147.2,-0.553712048003057,-20.9690638498352,20.4153518018321,-0.151975311487072,182370.373784486,-27715.7943619109,1.61463073512929,0.204671600723516,-168601.188235752
147.3,-0.590468530338793,-20.9928119890507,20.4023434587119,-0.107260598973565,128712.718768278,-13805.8033106016,1.61104276918257,0.200679541310239,-168338.262429379
147.4,-0.623356056463354,-21.0171078714709,20.3937518150075,-0.0656952852927433,78834.3423512919,-5179.04461163391,1.60703110603524,0.197563296678109,-167995.078974888
147.5,-0.652631856504296,-21.0418833924076,20.3892515359033,-0.0274965402327884,32995.848279346,-907.271669728017,1.60262109480506,0.195374466237272,-167576.207184646
147.6,-0.67857512972915,-21.0670742291999,20.3884990994707,0.00718820552131241,-8625.84662557489,-62.0043583399515,1.59780840165558,0.194141264420564,-167083.535939418
147.7,-0.701480624638602,-21.0926197901953,20.3911391655567,0.0382748016616166,-45929.7619939401,-1757.95253068332,1.59256709532707,0.193872173728076,-166517.029226264
147.8,-0.721652840131078,-21.1184630788235,20.3968102386924,0.0657341814620011,-78881.0177544011,-5185.17913497514,1.58685776535197,0.194560042414425,-165875.487144743
147.9,-0.73940099562725,-21.1445504828374,20.4051494872102,0.089582783523471,-107499.340228165,-9630.09012457568,1.58063522157831,0.196186379010574,-165157.267108557
148,-0.75503488377629,-21.1708315009129,20.4157966171366,0.109872020991002,-131846.425189202,-14486.2331959766,1.57385533247909,0.19872558165484,-164360.921053219
148.1,-0.768861679513066,-21.1972584205519,20.4283967410388,0.12667728281983,-152012.739383796,-19256.5607791383,1.56648059300757,0.202148840016847,-163485.707953741
148.2,-0.78118373539106,-21.2237859625401,20.442602227149,0.140086986059717,-168104.38327166,-23549.2363959543,1.55848406994134,0.206427461965293,-162531.946768324
148.3,-0.792297347161302,-21.2503709079705,20.4580735608092,0.15019220782794,-180230.649393528,-27069.2391506773,1.54985145170762,0.211535405773062,-161501.1828311
148.4,-0.802492427577786,-21.2769717240045,20.4744792964267,0.157077408767415,-188492.890520897,-29607.9748141025,1.54058102713568,0.217450840462511,-160396.150371138
148.5,-0.812052982543815,-21.3035482040525,20.4914952215087,0.160812716237865,-192975.259485437,-31032.8756445599,1.53068152873419,0.22415660996989,-159220.524777891
148.6,-0.821258244097095,-21.330061136921,20.5088028928239,0.161448167016125,-193737.80041935,-31278.6127594399,1.52016789526412,0.231639538543926,-157978.469918536
148.7,-0.830384281340645,-21.3564720177112,20.5260877363706,0.159010219339814,-190812.263207777,-30341.099825395,1.5090551292594,0.239888582003328,-156673.997633038
148.8,-0.839705884981921,-21.3827428109354,20.5430369259534,0.153500737545285,-184200.885054341,-28274.9717123356,1.49735054116114,0.248891898561521,-155310.167853371
148.9,-0.849498505013511,-21.4088357735317,20.5593372685182,0.144898535068854,-173878.242082625,-25194.7025581199,1.48504477640857,0.258632980066913,-153888.167987043
149,-0.860040015203708,-21.4347133423385,20.5746733271348,0.133163439336322,-159796.127203586,-21279.0018910539,1.47210210917933,0.269086045884455,-152406.318690023
149.1,-0.871612082940011,-21.4603380872652,20.5887260043251,0.118242721087635,-141891.265305162,-16777.6093082499,1.45845055129391,0.280210953661688,-150859.059428535
149.2,-0.884500938561906,-21.4856727280415,20.6011717894796,0.100079616479436,-120095.539775322,-12019.1155616051,1.44397236297508,0.291947920722681,-149235.970903938
149.3,-0.898997364110567,-21.510680209181,20.6116828450705,0.0786235675969542,-94348.2811163448,-7417.99845800737,1.42849556085907,0.304212374298269,-147520.892238827
149.4,-0.915395756414423,-21.5353238248213,20.6199280684069,0.0538417196088647,-64610.0635306375,-3478.71692452752,1.41178699653732,0.316890256519003,-145691.188700475
149.5,-0.933992162185177,-21.5595673825327,20.6255752203475,0.0257311436736786,-30877.3724084144,-794.510105706591,1.39354752617807,0.329834100284875,-143717.220738957
149.6,-0.95508123150735,-21.58337539314,20.6282941616326,-0.00566879390917375,6802.55269100865,-38.5622692616233,1.37340971026364,0.342860164995811,-141562.057472483
149.7,-0.978952088651926,-21.6067132721634,20.6277611835115,-0.0402645222274655,48317.4266729585,-1945.47810024727,1.35093837558834,0.355746877894125,-139181.467842058
149.8,-1.00588317320819,-21.6295475377289,20.6236643645207,-0.0778974248226217,93476.9097871455,-7281.61055279515,1.32563424427801,0.368234769594008,-136524.210987834
149.9,-1.03613615767525,-21.65184598975,20.6157098320747,-0.11833465467886,142001.585614631,-16803.708597558,1.29694069288727,0.380028024237776,-133532.634572609
150,-1.06994909745971,-21.6735778558623,20.6036287584026,-0.161262146136212,193514.575363454,-31206.5757317483,1.26425355578876,0.390797689257366,-130143.576453789
150.1,-1.10752901338175,-21.6947138909689,20.5871848775872,-0.206280293568901,247536.35228268,-51061.871417846,1.22693373893004,0.400186510995262,-126289.551960906
150.2,-1.14904414323244,-21.7152264192816,20.5661822760492,-0.252902671786994,303483.206144392,-76751.7136763999,1.18432227066019,0.407815284695074,-121900.196724677
150.3,-1.19461612593252,-21.7350893103542,20.5404731844217,-0.300558056800165,360669.668160198,-108402.17460899,1.13575729352007,0.413290534770857,-116903.924115466
150.4,-1.24431239814368,-21.7542778836812,20.5099654855375,-0.348595871606921,418315.045928304,-145822.898041666,1.08059240168011,0.416213277633418,-111229.747377637
150.5,-1.29813908802281,-21.772768739867,20.4746296518442,-0.396295035423469,475554.042508162,-188459.706121546,1.01821565886984,0.416188567953357,-104809.209863057
150.6,-1.3560346839946,-21.7905395200046,20.43450483601,-0.442876043131726,531451.251758071,-235367.027496017,0.948068595258062,0.412835492582238,-97578.3626049073
150.7,-1.41786473832476,-21.8075685985723,20.3897038602475,-0.487515952760788,585019.143312945,-285206.165035511,0.869664480873101,0.405797256052422,-89479.7269201128
150.8,-1.4834178368266,-21.8238347187032,20.3404168818766,-0.529365821171868,635238.98540624,-336273.807149958,0.782605207653527,0.394750998285593,-80464.180732065
150.9,-1.55240302862804,-21.8393165819249,20.2869135532969,-0.567570010297883,681084.012357458,-386562.859907445,0.686596179706942,0.379416998538008,-70492.7106834776
151,-1.62444886535359,-21.8539924072541,20.2295435419005,-0.60128669583119,721544.034997426,-433854.828700306,0.581458707360332,0.359566948454678,-59537.9775722679
151.1,-1.69910414939649,-21.867839476722,20.1687353273255,-0.629708852939471,755650.623527363,-475839.887364412,0.467139518872616,0.335031019341329,-47585.6498186251
151.2,-1.77584043837308,-21.880833685899,20.104993247526,-0.652084972824951,782501.967389939,-510257.774140939,0.343717136703187,0.305703501685008,-34635.4681316764
151.3,-1.85405629958238,-21.8929491187029,20.0388928191205,-0.667738780380893,801286.53645707,-535050.094589474,0.211405004697364,0.271546855391131,-20702.0138369939
151.4,-1.93308325644801,-21.9041576657007,19.9710744092527,-0.676087274692933,811304.729631518,-548512.80360206,0.0705513900346545,0.232594073734841,-5815.16300191215
151.5,-2.01219332039594,-21.9144287042502,19.9022353838543,-0.676656496000015,811987.795200016,-549436.816294821,-0.0783637886638667,0.188949329190514,9979.78186791775
151.6,-2.09060795803119,-21.9237288572422,19.833120899211,-0.669094528314215,802913.433977056,-537224.985384025,-0.234734944985079,0.140786931821596,26622.2815642613
151.7,-2.16750830608885,-21.9320218449774,19.7645135388886,-0.653181368328282,783817.641993936,-511975.079917446,-0.397839269677514,0.0883486878606475,44037.0618491176
151.8,-2.24204641635738,-21.9392684419675,19.6972220256101,-0.62883542027471,754602.50432965,-474520.782950484,-0.566847224075568,0.0319397950808201,62134.9100330902
151.9,-2.3133572901497,-21.9454265473026,19.6320692571529,-0.59611650525394,715339.806304726,-426425.865403404,-0.740834634484933,-0.0280765492173687,80813.7430150887
152,-2.38057144713628,-21.9504513738274,19.5698799266911,-0.55522539557043,666270.474684514,-369930.287863608,-0.918795932802345,-0.0912856233742,99959.91813561
152.1,-2.44282776635629,-21.9542957578278,19.5114679914715,-0.506499994754215,607799.993705057,-307850.693623223,-1.09965810679778,-0.157228518215721,119449.754216974
152.2,-2.49928633762958,-21.9569105873758,19.4576242497462,-0.450408378961781,540490.054754136,-243441.249406774,-1.28229496333845,-0.2254101076465,139151.227364375
152.3,-2.5491410688327,-21.9582453440114,19.4091042751787,-0.387538993861354,465046.792633624,-180223.766115685,-1.46554136445288,-0.295307428418153,158925.804387198
152.4,-2.59163180783521,-21.9582487491397,19.3666169413045,-0.318588362915389,382306.035498466,-121798.253982129,-1.64820716374406,-0.366378256159144,178630.375941176
152.5,-2.62605575644789,-21.9568695034622,19.3308137470143,-0.244346709229083,293216.051074898,-71646.3771732979,-1.82909064308259,-0.438069682827499,198119.251537604
152.6,-2.65177797655041,-21.9540571050052,19.3022791284548,-0.165681925432714,198818.310519257,-32940.6004981098,-2.00699132060814,-0.509826523150631,217246.179257994
152.7,-2.66824081462237,-21.9497627289111,19.2815219142887,-0.0835223460467325,100226.815256078,-8371.1787469801,-2.18072206518928,-0.581099402216069,235866.354198801
152.8,-2.6749720991539,-21.9439401501773,19.2689680510234,0.00116121427852202,-1393.45713422656,-1.61810232077225,-2.34912050486867,-0.651352401175166,253838.3812162
152.9,-2.67159199483036,-21.9365466890163,19.2649546941859,0.0873736946799961,-104848.433615995,-9160.99502643977,-2.51105975390258,-0.720070161303131,271026.15933713
153,-2.65781842699062,-21.9275441575361,19.2697257305455,0.174113843967362,-208936.612760834,-36378.756793309,-2.66545850271284,-0.786764367111597,287300.657175262
153.1,-2.63347101877286,-21.9168997860562,19.2834287672833,0.260391670926875,-312470.005112249,-81364.5867457077,-2.81129051695005,-0.850979546010891,302541.550802334
153.2,-2.59847351084809,-21.9045871076252,19.3061135967771,0.345244895684907,-414293.874821888,-143032.845595778,-2.94759357711217,-0.912298134871589,316638.697777778
153.3,-2.55285465915222,-21.8905867802395,19.3377321210873,0.427754054961652,-513304.86595398,-219568.237843362,-3.07347786151421,-0.970344772959971,329493.423470314
153.4,-2.49674762923352,-21.8748873278656,19.3781396986321,0.507055971965393,-608467.16635847,-308526.910446923,-3.18813373692233,-1.0247897868046,341019.598481403
153.5,-2.43038792664099,-21.8574857836238,19.4270978569829,0.582355369950524,-698826.443940627,-406965.332292253,-3.29083887787342,-1.07535183664543,351144.488990075
153.6,-2.35410992133126,-21.8383882213268,19.4842782999955,0.652934484368608,-783521.381242328,-511588.12905324,-3.38096459314988,-1.12179969751909,359809.365277847
153.7,-2.26834204070549,-21.8176101648583,19.5492681241528,0.718160608027553,-861792.729633062,-618905.590707005,-3.45798120163961,-1.16395315213724,366969.857651002
153.8,-2.17360072108326,-21.79517686849,19.6215761474067,0.777491581631351,-932989.89795762,-725391.791409143,-3.52146227496236,-1.20168297885329,372596.053522581
153.9,-2.07048322171692,-21.7711234649645,19.7006402432476,0.830479312877028,-996575.175452432,-827635.066940039,-3.57108755489365,-1.23491002731473,376672.334576458
154,-1.95965941934916,-21.7454949818474,19.7858355624982,0.876771465516952,-1052125.75862034,-922473.84329369,-3.60664436250717,-1.26360338765368,379196.958685732
154.1,-1.84186271518267,-21.7183462300512,19.8764835148686,0.916111501034666,-1099333.8012416,-1007112.33879358,-3.6280273441819,-1.28777767662868,380181.397506844
154.2,-1.71788020010187,-21.6897415714101,19.9718613713082,0.948337277136917,-1138004.7325643,-1079212.30944895,-3.63523644650985,-1.30748948584405,379649.44725721
154.3,-1.58854223791078,-21.6597545745801,20.0712123366693,0.97337840868114,-1168054.09041737,-1136958.63178395,-3.62837307528088,-1.3228330623634,377636.136873573
154.4,-1.45471163975211,-21.628467570294,20.1737559305419,0.991252579924219,-1189503.09590906,-1179098.0126477,-3.60763446914794,-1.33393531952456,374186.464242269
154.5,-1.31727261497257,-21.5959711180652,20.2786985030926,1.00206096634756,-1202473.15961707,-1204951.41633288,-3.57330640108818,-1.34095030395027,369353.997143681
154.6,-1.17711969346967,-21.5623633968709,20.3852437034013,1.00598288576747,-1207179.46292096,-1214401.87974845,-3.52575440435922,-1.34405327170649,363199.380587802
154.7,-1.03514682082154,-21.5277495322207,20.4926027113991,1.00326975887065,-1203923.71064477,-1207860.25087724,-3.46541379796394,-1.34343455018806,355788.795964719
154.8,-0.892236829073802,-21.4922408714677,20.6000040423939,0.994238425552215,-1193086.11066265,-1186212.05621345,-3.39277885352517,-1.33929338049989,347192.419556408
154.9,-0.749251481872175,-21.4559542184035,20.7067027365313,0.979263841280901,-1175116.60953708,-1150749.20500827,-3.30839149545432,-1.33183194590632,337482.928184573
155,-0.607022281898615,-21.4190110372344,20.8119887553358,0.958771171134473,-1150525.40536137,-1103090.59031828,-3.21282995502001,-1.32124979373899,326734.097930432
155.1,-0.466342210893718,-21.3815366351213,20.9151944242276,0.933227309732343,-1119872.77167881,-1045095.85395632,-3.10669780350776,-1.30773884987522,315019.537903525
155.2,-0.327958548016781,-21.3436593316799,21.0157007836631,0.903131882080992,-1083758.25849719,-978776.635717384,-2.99061376896616,-1.29147920603547,302411.595040612
155.3,-0.192566881509652,-21.3055096232561,21.1129427417465,0.869007820006007,-1042809.38400721,-906209.509477909,-2.86520269576526,-1.27263583091368,288980.458105187
155.4,-0.060806392706084,-21.2672193494397,21.2064129567336,0.831391656150345,-997669.987380411,-829454.503099694,-2.73108793888784,-1.25135631749626,274793.479788802
155.5,0.0667435480813197,-21.2289208691378,21.2956644172191,0.790823726079908,-948988.471295888,-750482.59887709,-2.58888539974328,-1.2277697325063,259914.725557705
155.6,0.189565475467958,-21.1907462535508,21.3803117290187,0.747838512121559,-897406.214545869,-671114.928254623,-2.43919931292123,-1.20198658202937,244404.747199293
155.7,0.307204655182879,-21.152826503489,21.4600311586719,0.702955393919412,-843546.472703292,-592975.543008473,-2.28261979023812,-1.17409985284357,228320.568509519
155.8,0.41926872332213,-21.1152907985526,21.5345595218747,0.656670085299904,-788004.102359884,-517458.721113339,-2.11972202669746,-1.14418703493857,211715.860840435
155.9,0.525426253261724,-21.0782657856688,21.6036920389305,0.609447031615131,-731336.437938156,-445710.821213393,-1.9510669795461,-1.11231298044996,194641.277877015
156,0.625404392408797,-21.0418749142652,21.667279306674,0.561713015109285,-674055.618131141,-378625.813611796,-1.77720325282514,-1.07853341095457,177144.912537793
156.1,0.718985731029033,-21.0062378248809,21.7252235559099,0.513852169034047,-616622.602840854,-316852.861945192,-1.59866986096281,-1.04289885165752,159272.834683356
156.2,0.806004577103259,-20.9714697972539,21.7774743743572,0.466202537294694,-559443.044753632,-260813.766936012,-1.41599950982481,-1.00545874981639,141069.666614686
156.3,0.886342814268712,-20.9376812628657,21.8240240771344,0.419054240150352,-502865.088180422,-210727.747425586,-1.22972202424688,-0.966265527448532,122579.15422992
156.4,0.959925514676847,-20.9049773855909,21.8649029002678,0.37264922400129,-447179.068801547,-166640.932978516,-1.0403675675399,-0.925378325757715,103844.695091529
156.5,1.0267164658641,-20.8734577125605,21.9001741784246,0.327182491352892,-392618.98962347,-128458.059177462,-0.848469339003597,-0.882866220663297,84909.7902772255
156.6,1.0867137517507,-20.8432158956588,21.9299296474095,0.282804632496784,-339365.55899614,-95974.152193969,-0.654565496597412,-0.838810724218201,65818.3943379106
156.7,1.13994550427471,-20.8143394823514,21.9542849866261,0.239625419573825,-287550.50348859,-68904.410047118,-0.459200128634235,-0.793307433538597,46615.1464337432
156.8,1.18646591577592,-20.786909772862,21.9733756886379,0.197718181602426,-237261.817922911,-46910.9752034038,-0.262923184656209,-0.746466744299193,27345.4751496855
156.9,1.22635157499333,-20.7610017392017,21.987353314195,0.157124659236225,-188549.59108347,-29625.7902481198,-0.0662893648904862,-0.6984136063893,8055.57894882012
157,1.25969816328978,-20.7366840002742,21.996382163564,0.117860041915387,-141432.050298464,-16669.1873763561,0.130143946876299,-0.64928636106844,-11207.706943981
157.1,1.28661752412786,-20.7140188463251,22.0006363704529,0.0799179169683478,-95901.5003620167,-7664.24814307163,0.325819546878511,-0.599234757835402,-30397.1388203876
157.2,1.30723509922628,-20.6930623054035,22.0002974046297,0.0432749072222705,-51929.8886667241,-2247.26111411532,0.520183851650051,-0.548417301276522,-49465.3636266849
157.3,1.32168771014399,-20.6738642442904,21.9955519544344,0.0078948359923077,-9473.80319076901,-74.7941224145227,0.712690655520729,-0.49699811983027,-68365.260855828
157.4,1.33012165471601,-20.6564684965014,21.9865901512174,-0.0262676703324433,31521.2043989325,-827.98860563272,0.902804928720006,-0.445143576794966,-87050.2975897409
157.5,1.33269108375386,-20.6409130104516,21.9736040942055,-0.0592641586573786,71116.9903888545,-4214.68860164034,1.09000638586472,-0.39301885699038,-105474.867939909
157.6,1.32955662421514,-20.6272300116081,21.9567866358232,-0.0911498532733663,109379.823928039,-9969.95490210739,1.27379258360698,-0.340784759275944,-123594.59120834
157.7,1.32088421972666,-20.6154461733698,21.9363303930964,-0.121981580885243,146377.897062291,-17855.4072903156,1.45368135516483,-0.288594905771653,-141366.548099113
157.8,1.30684416670053,-20.6055827923975,21.912426959098,-0.151815972019818,182179.166423782,-27657.7072323866,1.6292124541295,-0.236593544405852,-158749.440826929
157.9,1.28761033291168,-20.5976559650823,21.8852662979939,-0.180707778020106,216849.333624127,-39186.3612443566,1.79994835488428,-0.184914074679585,-175703.670462037
158,1.26335955386682,-20.5916767626927,21.8550363165595,-0.20870814971372,250449.779656463,-52270.9101083092,1.9654742359181,-0.133678370561031,-192191.332724179
158.1,1.23427120923358,-20.5876514034126,21.8219226126462,-0.235862753069773,283035.303683727,-66757.4859427829,2.12539724869019,-0.0829969131753105,-208176.141074587
158.2,1.20052698587784,-20.5855814199247,21.7861084058026,-0.262209645664087,314651.574796904,-82504.677935143,2.27934524211621,-0.0329696838274933,-223623.292762497
158.3,1.16231083486099,-20.5854638213982,21.7477746562592,-0.287776900469476,345332.28056337,-99378.6533325823,2.42696516552371,0.016312290604541,-238499.298936893
158.4,1.1198091266556,-20.5872912487141,21.7071003753697,-0.312580033730164,375096.040476195,-117247.5329841,2.56792140654207,0.0647648984514313,-252771.803617241
158.5,1.07321100186046,-20.5910521215544,21.6642631234149,-0.336619363870474,403943.236644568,-135975.115359075,2.7018943318464,0.112308607642999,-266409.4179458
158.6,1.0227089042773,-20.5967307756649,21.6194396799422,-0.359877490684452,431852.988821342,-155414.169961605,2.8285792867271,0.158866055380651,-279381.595590184
158.7,0.968499270189007,-20.6043075882505,21.5728068584395,-0.382317131103879,458780.557324653,-175399.6664826,2.94768627473847,0.20435979241241,-291658.572461687
158.8,0.910783333205767,-20.6137590891908,21.5245424223965,-0.403879573506359,484655.48820763,-195742.451874814,3.05894048365358,0.248710401538067,-303211.38925351
158.9,0.849767989490935,-20.6250580556353,21.4748260451262,-0.424484012506196,509380.815007434,-216224.012248032,3.16208375272845,0.291835183433137,-314012.009016998
159,0.785666655004288,-20.6381735876647,21.423840242669,-0.444027998510878,532833.598213052,-236593.036153891,3.2568769942943,0.333647561218837,-324033.53453394
159.1,0.718700036032747,-20.6530711631086,21.3717711991413,-0.462389181704674,554867.018045608,-256564.506429021,3.34310349629952,0.374057301259957,-333250.522144076
159.2,0.649096727977867,-20.6697126703492,21.318809398327,-0.479428451914735,575314.142297681,-275821.968606431,3.42057294836225,0.412971585202376,-341639.380530713
159.3,0.577093556118708,-20.688056418985,21.2651499751038,-0.494994479891477,593993.375869771,-294023.44214764,3.48912595879392,0.450296901687714,-349178.835341507
159.4,0.502935576481189,-20.7080571295485,21.2109927060296,-0.508929559775692,610715.471730829,-310811.156176175,3.54863876988107,0.485941660273824,-355850.433979425
159.5,0.426875665208719,-20.7296659049847,21.1565415701934,-0.521076546110592,625291.855332709,-325824.920287852,3.59902783830698,0.519819369628818,-361639.059922465
159.6,0.349173640678256,-20.7528301882056,21.1020038288838,-0.531286581274255,637543.897529105,-338718.517730503,3.64025393029368,0.551852171506708,-366533.42289773
159.7,0.270094883342253,-20.7774937116015,21.0475885949437,-0.53942722967207,647312.675606482,-349178.08333402,3.67232538843247,0.581974485159989,-370526.490393917
159.8,0.189908442815103,-20.8035964458017,20.9935048886169,-0.545390580938888,654468.697126664,-356941.062932229,3.69530025897991,0.610136496578808,-373615.827448022
159.9,0.108884648672451,-20.8310745560837,20.9399592047562,-0.549100860946127,658921.033135351,-361814.106590133,3.70928702256511,0.63630722500957,-375803.815334553
160,0.0272922692053257,-20.8598603755332,20.8871526447385,-0.550521098932874,660625.318719447,-363688.17644431,3.71444374412548,0.660476916065522,-377097.725515319
160.1,-0.0546047107030709,-20.8898824042633,20.8352776935603,-0.549658440873017,659590.129047619,-362549.281947546,3.71097554453491,0.682658545544582,-377509.632632809
160.2,-0.136550596962927,-20.9210653436578,20.7845147466948,-0.546567769639513,655881.323567414,-358483.592170453,3.69913039101374,0.702888268686616,-377056.158992165
160.3,-0.218301662818504,-20.9533301736996,20.7350285108811,-0.541353385592847,649624.062711415,-351676.185711404,3.67919329980472,0.721224712766525,-375758.052331859
160.4,-0.29962986312389,-20.9865942800169,20.686964416893,-0.534168609166801,641002.331000159,-342403.323623032,3.65147913658469,0.737747082445154,-373639.608138559
160.5,-0.380326445693296,-21.0207716353871,20.6404451896938,-0.525213281287762,630255.937545313,-331018.789009269,3.61632428193429,0.752552122371597,-370727.956715684
160.6,-0.460205316415472,-21.0557730381992,20.5955677217837,-0.514729249544075,617675.099452889,-317935.440403447,3.57407749598519,0.765750055040201,-367052.243098879
160.7,-0.539106018880386,-21.0915064079179,20.5524003890375,-0.50299403027513,603592.836330155,-303603.593390902,3.52509036426489,0.777459678817069,-362642.734227718
160.8,-0.616896199766405,-21.1278771350562,20.5109809352898,-0.490312922994963,588375.507593954,-288488.114947036,3.46970773318511,0.787802866761514,-357529.892140043
160.9,-0.693473447556443,-21.164788480716,20.4713150331595,-0.477009919458304,572411.903349963,-273046.15591394,3.40825854735689,0.796898747543928,-351743.454094059
161,-0.768766413374649,-21.2021420185197,20.433375605145,-0.463417792844721,556101.351413664,-257707.260870087,3.34104748213372,0.804857872618917,-345311.560333852
161.1,-0.842735147718003,-21.2398381098771,20.3971029621591,-0.449867772496064,539841.326995275,-242857.215276684,3.2683477249775,0.811776677321817,-338259.967741576
161.2,-0.915370614311371,-21.2777764020856,20.3624057877742,-0.436679207561669,524015.049074001,-228826.476380024,3.19039520111087,0.817732527556778,-330611.383059848
161.3,-0.986693370888947,-21.3158563378372,20.3291629669482,-0.424149601263333,508979.521515998,-215883.461102213,3.10738446618588,0.822779609451437,-322384.943050803
161.4,-1.05675143506823,-21.3539776643127,20.2972262292445,-0.412545359695532,495054.431634638,-204232.408567579,3.01946640587633,0.826945869267875,-313595.861322708
161.5,-1.12561738039363,-21.3920409301958,20.2664235498021,-0.402093549084389,482512.258901266,-194015.066658335,2.92674779441294,0.830231148576235,-304255.253115738
161.6,-1.19338473200079,-21.4299479595891,20.2365632275884,-0.392974897406963,471569.876888354,-185315.123990415,2.82929267635761,0.832606589631224,-294370.140648308
161.7,-1.26016375230645,-21.4676022929061,20.2074385405996,-0.385318214297609,462381.85715713,-178164.151523398,2.72712545345883,0.834015312943416,-283943.633234591
161.8,-1.32607672401556,-21.5049095862571,20.1788328622416,-0.379196340987982,455035.609185578,-172547.838022409,2.62023548590554,0.834374298225263,-272975.268801704
161.9,-1.39125285016215,-21.5417779625556,20.1505251123934,-0.374623682871856,449548.419446226,-168411.484522167,2.50858295861271,0.833577335976665,-261461.497093708
162,-1.4558228987189,-21.5781183094256,20.1222954107067,-0.371555323731441,445866.388477728,-165664.030311811,2.39210572124506,0.831498864109876,-249396.280075813
162.1,-1.51991372261525,-21.6138445209077,20.0939307982924,-0.369887674545254,443865.209454304,-164180.270136594,2.2707267872504,0.827998465444736,-236771.782047037
162.2,-1.58364278509295,-21.6488736818296,20.0652308967367,-0.369460572182454,443352.686618943,-163801.337276863,2.14436217269079,0.822925779747204,-223579.120798025
162.3,-1.64711281567022,-21.6831261954585,20.0360133797883,-0.370060714484984,444072.85738198,-164333.918886164,2.0129287693092,0.816125579086404,-209809.151742419
162.4,-1.71040671417126,-21.7165258566166,20.0061191424454,-0.371426297874724,445711.557449667,-165548.993703507,1.87635197605066,0.807442767198616,-195453.259109562
162.5,-1.77358280997158,-21.7489998737821,19.9754170638105,-0.37325271076278,447903.252915335,-167181.103310116,1.73457285616763,0.796727090590227,-180504.131713183
162.6,-1.83667057150468,-21.7804788447816,19.943808273277,-0.375199129340643,450238.95520877,-168929.263989571,1.58755463933176,0.783837388535385,-164956.505126751
162.7,-1.89966684784513,-21.8108966915202,19.9112298436751,-0.376895860229881,452275.032275856,-170460.587350106,1.43528844565576,0.768645257348143,-148807.856878029
162.8,-1.96253271044471,-21.8401905597841,19.8776578493393,-0.377952275349064,453542.730418876,-171417.506929841,1.27779816688769,0.751038057223334,-132059.04608885
162.9,-2.02519094938526,-21.868300690538,19.8431097411528,-0.377965186744318,453558.22409318,-171429.2188688,1.1151444951627,0.730921243237516,-114714.89342125
163,-2.08752426524597,-21.8951702693389,19.8076460040929,-0.376527511815514,451833.014178616,-170127.560584778,0.947428137954359,0.708220051615029,-96784.7008929542
163.1,-2.14937418517278,-21.9207452605547,19.771371075382,-0.373237081514461,447884.497817352,-167167.102820919,0.774792296350036,0.682880614389273,-78282.7138206558
163.2,-2.21054072016619,-21.9449742330455,19.7344335128793,-0.36770544527139,441246.534325667,-162248.753378677,0.59742451045293,0.654870607155614,-59228.5286657021
163.3,-2.27078277004437,-21.9678081838651,19.6970254138207,-0.359566526609781,431479.831931736,-155145.704469866,0.415557989532503,0.624179553694518,-39647.4508318018
163.4,-2.32981927296112,-21.9892003664118,19.6593810934507,-0.348484982986643,418181.97958397,-145730.14004064,0.229472545429205,0.590818916890442,-19570.8055489116
163.5,-2.38733108765476,-22.009106129305,19.6217750416502,-0.334164122971303,400996.947565563,-133998.793297416,0.039495236517476,0.55482209774945,963.796972594955
163.6,-2.44296358860777,-22.0274827721016,19.5845191834938,-0.316353234245939,379623.881095126,-120095.242581439,-0.153999192108297,0.516244444662379,21912.2436719506
163.7,-2.49632994681081,-22.0442894237867,19.5479594769759,-0.294854177929235,353825.013515081,-104326.78349079,-0.350588016350761,0.475163345549273,43223.7528194289
163.8,-2.54701506164356,-22.0594869497588,19.5124718881152,-0.269527109200985,323432.531041181,-87173.8351130873,-0.549800368068984,0.431678439077386,64840.7683470064
163.9,-2.59458010232439,-22.0730378927561,19.4784577904317,-0.240295191827283,288354.230192739,-69290.1350583729,-0.751117214290308,0.385911941186613,86698.9255052723
164,-2.63856761029024,-22.0849064528115,19.4463388425213,-0.207148185466254,248577.822559504,-51492.4448903535,-0.953971534809726,0.338009043313256,108727.101498489
164.1,-2.67850710665407,-22.0950585108308,19.4165514041767,-0.170144799892241,204173.75987069,-34739.103516445,-1.15774878603572,0.288138302529963,130847.566310973
164.2,-2.71392114151693,-22.1034616997469,19.3895405582299,-0.129413729643554,155296.475572264,-20097.4961043057,-1.36178776671305,0.236491914519938,152976.249343401
164.3,-2.74433171442021,-22.1100855263636,19.3657538119434,-0.0851533060402009,102183.96724824,-8701.30263549126,-1.56538202084884,0.183285740489614,175023.136569885
164.4,-2.76926698771097,-22.1149015459568,19.3456345582458,-0.0376297308562557,45155.6770275064,-1699.19597317707,-1.7677819231823,0.128758950629797,196892.810644689
164.5,-2.78826820721524,-22.1178835904315,19.3296153832163,0.0128261131431524,-15391.3357717837,-197.411014033146,-1.9681975918341,0.0731731504940423,218485.142770021
164.6,-2.80089673757164,-22.1190080493556,19.318111311784,0.0658232455318205,-78987.8946381841,-5199.23958281076,-2.16580276090403,0.0168108726558329,239696.140319339
164.7,-2.80674111310078,-22.1182542015131,19.3115130884124,0.120916499599985,-145099.799519981,-17544.9598506156,-2.35973972289697,-0.0400266567147418,260418.948416216
164.8,-2.80542399941679,-22.1156045928063,19.3101805933895,0.177613657807201,-213136.389368642,-37855.9337275844,-2.5491254176466,-0.0970225299346077,280544.997190163
164.9,-2.79660895636816,-22.111045454431,19.3144364980628,0.235383668799151,-282460.402558979,-66486.5658448175,-2.73305870209064,-0.153847958325228,299965.279611506
165,-2.78000688955273,-22.1045671533457,19.324560263793,0.293665766147914,-352398.919377496,-103487.498648689,-2.91062878550912,-0.210166823070462,318571.738018634
165.1,-2.7553820757944,-22.0961646652473,19.3407825894529,0.351879274848916,-422255.129818699,-148582.828881839,-3.08092475974884,-0.265640889626292,336258.731067702
165.2,-2.72255764778307,-22.0858380586523,19.3632804108692,0.409433863012585,-491320.635615101,-201163.30581769,-3.24304609593985,-0.319935552636597,352924.547213272
165.3,-2.68142042473418,-22.0735929773839,19.3921725526498,0.465739975637689,-558887.970765226,-260296.469888393,-3.39611392094244,-0.37272593755833,368472.926285199
165.4,-2.63192497958374,-22.0594411078688,19.4275161282851,0.520219177293459,-624263.012752149,-324753.590908659,-3.53928283110549,-0.423703152623168,382814.547523511
165.5,-2.57409683906496,-22.0434006172472,19.4693037781822,0.572314133017671,-686776.959621204,-393052.160222122,-3.67175295081535,-0.472580462461809,395868.440763236
165.6,-2.50803472119451,-22.0254965484598,19.5174618272653,0.621497973031859,-745797.567638229,-463511.676579251,-3.7927819016881,-0.519099144106185,407563.277445547
165.7,-2.4339117254292,-22.005761159212,19.5718494337828,0.66728281711975,-800739.380543698,-534319.629627923,-3.90169631787599,-0.563033787829165,417838.499815938
165.8,-2.35197540424783,-21.9842341930324,19.6322587887845,0.709227277435716,-851072.732922856,-603603.997270652,-3.99790252628791,-0.60419681928842,426645.250028079
165.9,-2.26254666137413,-21.9609630724789,19.6984164111048,0.746942811302497,-896331.373562994,-669508.276027771,-4.08089600958463,-0.642442044905794,433947.065811435
166,-2.16601744145458,-21.9360030068151,19.7699855653605,0.780098853988508,-936118.624786208,-730265.066393019,-4.15026928601067,-0.67766705790908,439720.315732118
166.1,-2.06284719882476,-21.9094170090499,19.8465698102251,0.808426720206053,-970112.064247261,-784264.514331737,-4.20571787413046,-0.709814386066047,443954.354681053
166.2,-1.95355815899046,-21.8812758199645,19.927717660974,0.831722316312037,-998066.779574442,-830114.413741749,-4.24704406214477,-0.738871311579566,446651.388822174
166.3,-1.83872941536925,-21.8516577394635,20.0129283240942,0.84984774732268,-1019817.29678721,-866689.432355317,-4.27415826953743,-0.764868346423785,447826.048552441
166.4,-1.7189899351897,-21.8206483681338,20.1016584329441,0.862731929314744,-1035278.31517769,-893167.658230967,-4.28707787124488,-0.787876400080386,447504.677763148
166.5,-1.59501058144417,-21.7883402641247,20.1933296826806,0.870370325809153,-1044444.39097098,-909053.404858954,-4.2859234483361,-0.808002728771667,445724.357521673
166.6,-1.46749529134266,-21.7548325222604,20.2873372309178,0.872823915892111,-1047388.69907053,-914185.905783884,-4.27091253049675,-0.825385803680396,442531.691868082
166.7,-1.3371715844302,-21.7202302835978,20.3830586991676,0.870217474283727,-1044260.96914047,-908734.143058497,-4.24235099991824,-0.840189278379537,437981.392380306
166.8,-1.20478060376841,-21.6846441844201,20.4798635806516,0.862737203929342,-1035284.64471521,-893178.579652582,-4.20062242851768,-0.852595271191952,432134.706136424
166.9,-1.07106691953969,-21.6481897539385,20.5771228343988,0.850627716520943,-1020753.25982513,-868281.014536359,-4.14617571554294,-0.862797205247175,425057.73832844
167,-0.936768344257434,-21.6109867698366,20.6742184255792,0.834188313321253,-1001025.9759855,-835044.170498106,-4.07951147536231,-0.87099246674861,416819.72571304
167.1,-0.80260602070198,-21.5731585803311,20.7705525596291,0.813768485504002,-976522.1826048,-794662.97759937,-4.00116769072318,-0.877375149905395,407491.320012775
167.2,-0.669275046243779,-21.5348314007816,20.8655563545379,0.789762536681821,-947715.044018183,-748469.837215324,-3.91170519070272,-0.882129154936685,397142.941055587
167.3,-0.53743588926196,-21.4961335921762,20.9586977029142,0.762603235152526,-915123.882183029,-697876.433118116,-3.81169353155136,-0.885421893633118,385843.257690489
167.4,-0.407706834354602,-21.4571949281826,21.049488093828,0.732754431791899,-879305.318150277,-644314.868772802,-3.70169785036065,-0.887398835542424,373657.85027142
167.5,-0.280657663041897,-21.4181458569773,21.1374881939354,0.700702630619364,-840843.156743236,-589181.011868276,-3.58226722503987,-0.888179097566299,360648.101804311
167.6,-0.156804736449399,-21.3791167638057,21.2223120273563,0.666947569126268,-800337.082951519,-533782.871956124,-3.45392501004793,-0.887852241488591,346870.355875936
167.7,-0.0366075974770261,-21.340237240207,21.3036296427299,0.631991948297589,-758390.337957105,-479296.587255578,-3.31716152789946,-0.88647639881428,332375.368528861
167.8,0.0795328457111566,-21.3016353660396,21.3811682117508,0.596330539973602,-715596.64796832,-426732.135486248,-3.17242938544556,-0.884077791637925,317208.06874202
167.9,0.191274552807904,-21.2634370108041,21.454711563612,0.560438983071902,-672526.779686281,-376910.224496,-3.02014155659966,-0.880651663674274,301407.62866008
168,0.298333059936674,-21.2257651612045,21.5240982211412,0.524762651626811,-629715.181952172,-330451.008650882,-2.86067223604583,-0.87616457890378,285007.830815532
168.1,0.400478781445774,-21.1887392823177,21.5892180637634,0.489706028974037,-587647.234768843,-287774.393776224,-2.69436032891948,-0.87055798856443,268037.705993843
168.2,0.497533076526562,-21.1524747200512,21.6500077965778,0.45562304771904,-546747.657262847,-249110.833935344,-2.52151530730164,-0.863752912698656,250522.40281666
168.3,0.589363298119515,-21.1170821526705,21.70644545079,0.422808850461178,-507370.620553412,-214520.788833963,-2.34242504336034,-0.855655532512277,232484.239256993
168.4,0.675877076969705,-21.0826670989885,21.7585441759582,0.391493389983421,-469792.067980104,-183920.489280853,-2.15736512825478,-0.846163446843927,213943.877790489
168.5,0.757016116696377,-21.0493294902789,21.8063456069753,0.361837220467828,-434204.664561393,-157111.40893906,-1.96660911156769,-0.835172312442836,194921.560263923
168.6,0.83274978509046,-21.0171633120588,21.8499130971493,0.333929736188422,-400715.683426106,-133810.882453043,-1.77043905264361,-0.82258256568321,175438.336220758
168.7,0.903068782046585,-20.9862563205939,21.8893251026405,0.307789996017437,-369347.995220923,-113681.617978096,-1.56915576559817,-0.808305914635008,155517.219585141
168.8,0.967979145863389,-20.9566898373166,21.92466898318,0.283370137681078,-340044.165217294,-96358.3619152719,-1.36308816477688,-0.792271296389663,135184.213292854
168.9,1.02749682819245,-20.9285386223724,21.9560354505648,0.26056124320887,-312673.491850644,-81470.5937550623,-1.15260117591977,-0.77443001587144,114469.149482441
169,1.08164302551342,-20.9018708262905,21.983513851804,0.239201375724737,-287041.650869684,-68660.7577783283,-0.938101767123667,-0.75475981892137,93406.3038232409
169.1,1.13044040415255,-20.8767480164146,22.0071884205671,0.21908537754272,-262902.453051263,-57598.0831836431,-0.720042768005829,-0.733267703199045,72034.7558659003
169.2,1.17391029956464,-20.8532252723428,22.0271355719074,0.199975910398138,-239971.092477765,-47988.4376874767,-0.49892427885501,-0.709991333450046,50398.4821963805
169.3,1.21207091224809,-20.8313513423643,22.0434222546124,0.181615139812156,-217938.167774587,-39580.8708107868,-0.275292616403907,-0.684999000064201,28546.1847767369
169.4,1.24493646580017,-20.8111688508777,22.0561053166779,0.163736424782435,-196483.709738921,-32171.5401606405,-0.0497368907367678,-0.658388137921438,6530.87221882036
169.5,1.27251724072104,-20.7927145451981,22.0652317859192,0.14607537658284,-175290.451899407,-25605.6187725821,0.177116550072088,-0.630282501972334,-15590.7740899247
169.6,1.29482035380975,-20.7760195691316,22.0708399229413,0.128379698687016,-154055.638424419,-19777.6164419628,0.40461144346707,-0.600828172125294,-37759.2049958175
169.7,1.31185112000121,-20.7611097503325,22.0729608703338,0.110417312268628,-132500.774722353,-14630.3794183532,0.632070235150419,-0.570188628020511,-59912.9264627189
169.8,1.32361481316818,-20.7480058888219,22.0716207019901,0.0919824030138049,-110378.883616565,-10152.9149570328,0.858803457132778,-0.538539189617842,-81989.4812544231
169.9,1.3301186357638,-20.7367240351442,22.066842670908,0.0728991859742761,-87479.0231691316,-6377.14957885453,1.08411927739644,-0.506061158255814,-103926.42832288
170,1.33137371423059,-20.7272757484303,22.0586494626609,0.0530233635687454,-63628.0362824944,-3373.77250097202,1.30733263623613,-0.472936011903008,-125662.260705783
170.1,1.32739695687665,-20.719668326989,22.0470652838656,0.0322414330795323,-38689.7196954383,-1247.41200842634,1.52777342249231,-0.439340005847475,-147137.208401979
170.2,1.31821264151645,-20.7139050068068,22.0321176483232,0.0104681686654734,-12561.8023985679,-131.499066250558,1.74479321857261,-0.405439505548461,-168293.881730799
170.3,1.30385363890624,-20.7099851262759,22.0138387651821,-0.0123572558280531,14828.7069936639,-183.242125919944,1.9577702517889,-0.371387332766449,-189077.722471688
170.4,1.28436222162168,-20.7079042583489,21.9922664799706,-0.0362759359274097,43531.1231128917,-1579.13223289144,2.16611232402264,-0.337320341807311,-209437.243821959
170.5,1.25979045296595,-20.7076543139056,21.9674447668715,-0.0613140787049657,73576.8944459588,-4511.29949692647,2.36925764287799,-0.303358363517137,-229324.05497611
170.6,1.23020019318029,-20.7092236221772,21.9394238153575,-0.0874874026275242,104984.883153029,-9184.85474221262,2.56667363464569,-0.269604565415122,-248692.680932179
170.7,1.19566279733418,-20.7125969954516,21.9082597927858,-0.114804537895359,137765.44547443,-15816.0983056401,2.75785397126222,-0.236147182727807,-267500.201988681
170.8,1.15625860799821,-20.7177557858456,21.8740143938438,-0.14326897859666,171922.774315991,-24631.2002737561,2.94231417889413,-0.203062483191768,-285705.749404999
170.9,1.11207636407514,-20.7246779416612,21.8367543057363,-0.172879287579548,207455.145095457,-35864.6976888142,3.1195863047637,-0.170418744435772,-303269.903090268
171,1.06321265378665,-20.7333380697643,21.796550723551,-0.203627432768951,244352.919322741,-49756.9576512885,3.28921319318581,-0.138280952231058,-320154.043380726
171.1,1.00977153453218,-20.7437075086624,21.7534790431945,-0.23549532441639,282594.389299667,-66549.6573863768,3.45074295585182,-0.106715875778097,-336319.711607285
171.2,0.951864425846022,-20.7557544146878,21.7076188405338,-0.268449809993322,322139.771991986,-86478.3605825409,3.60372421247712,-0.0757971461701072,-351728.033133162
171.3,0.889610355535847,-20.7694438611437,21.6590542166796,-0.302436550879349,362923.861055218,-109761.440769356,3.74770262650426,-0.0456099584757945,-366339.251991527
171.4,0.823136605568234,-20.7847379476935,21.6078745532617,-0.337373337984711,404848.005581653,-136584.923019535,3.88221917024081,-0.0162550371303487,-380112.418542839
171.5,0.752579766179025,-20.8015959149346,21.5541756811137,-0.373143490094571,447772.188113484,-167083.277039948,4.00681043109706,0.0121484525521125,-393005.26126781
171.6,0.67808716712322,-20.8199742572282,21.4980614243514,-0.409590010926751,491508.013112101,-201316.772461171,4.12101112434188,0.0394612996140697,-404974.261637306
171.7,0.599818617082668,-20.8398268256585,21.4396454427412,-0.44651115506607,535813.386079283,-239246.653918123,4.22435881860616,0.0655241209195774,-415974.937779527
171.8,0.517948348960463,-20.8611049126131,21.3790532615736,-0.483657970404496,580389.564485394,-280710.038802955,4.31640071974569,0.0901587911516231,-425962.329265715
171.9,0.432667042627891,-20.8837573099632,21.3164243525911,-0.5207342517418,624881.102090158,-325396.99312451,4.39670220820379,0.11317140875042,-434891.662612755
172,0.344183779569036,-20.9077303341872,21.2519141137563,-0.557399167585453,668879.001102542,-372832.598429946,4.46485669544013,0.1343566790446,-442719.165839406
172.1,0.252727776973476,-20.9329678139167,21.1856955908901,-0.593272624429594,711927.149315511,-422366.888277092,4.52049626542688,0.153503504802369,-449402.991281974
172.2,0.158549752548087,-20.9594110381398,21.1179607906879,-0.627943226845318,753531.87221438,-473175.235369092,4.56330250443315,0.17040149643961,-454904.199390347
172.3,0.0619227852467503,-20.986998666457,21.0489214517038,-0.660978495427417,793174.194512899,-524271.08570099,4.59301690025612,0.184848054187436,-459187.752721857
172.4,-0.0368574398865249,-21.0156666060888,20.9788091662023,-0.691936835021063,830324.202025273,-574531.900390757,4.60945021154077,0.196655636452903,-462223.468968804
172.5,-0.137473084251489,-21.0453478635221,20.9078747792706,-0.720380617134578,864456.740561491,-622737.880251832,4.61249026657696,0.20565881475881,-463986.884539332
172.6,-0.239585351663525,-21.0759723814892,20.8363870298256,-0.745889663412424,895067.596094907,-667621.667982598,4.60210774385139,0.211720726779495,-464459.985715926
172.7,-0.342836435744822,-21.1074668741664,20.7646304384216,-0.768074396763126,921689.276115748,-707925.934755645,4.57835960620571,0.214738574218211,-463631.772328707
172.8,-0.44685218851594,-21.1397546748946,20.6929024863786,-0.78658796289667,943905.555476002,-742464.748048718,4.54138999760997,0.214647869149876,-461498.628650527
172.9,-0.551245444052814,-21.172755611228,20.6215101671752,-0.801136711927044,961364.054312451,-770184.037436729,4.49142855635759,0.211425207132156,-458064.487194747
173,-0.655619899553763,-21.2063859216914,20.5507660221376,-0.811488557085417,973786.268502498,-790216.413936684,4.42878624095816,0.205089432882851,-453340.782562801
173.1,-0.759574430721834,-21.2405582272873,20.4809837965655,-0.817478882002725,980974.658403267,-801926.067024508,4.3538488959245,0.195701158841864,-447346.203723
173.2,-0.86270770017962,-21.2751815686592,20.4124738684795,-0.819013834428309,982816.601313969,-804940.393181953,4.26706889617999,0.183360692276811,-440106.263414175
173.3,-0.964622907307593,-21.3101615170391,20.3455386097315,-0.816071007781706,979285.209338045,-799166.267690217,4.16895529495274,0.168204516547674,-431652.712145817
173.4,-1.06493252548857,-21.3454003638967,20.2804678384081,-0.808697659427151,970437.191312578,-784790.28523554,4.06006295689319,0.150400550934807,-422022.831015303
173.5,-1.16326287779575,-21.3807973907862,20.2175345129905,-0.797006735765464,956408.082918554,-762263.684226622,3.94098118405567,0.130142476086645,-411258.641935582
173.6,-1.25925841379605,-21.416249217492,20.156990803696,-0.781171062547968,937405.275057559,-732273.874754783,3.81232233773506,0.107643454844727,-399406.075684372
173.7,-1.35258556714395,-21.4516502234141,20.0990646562702,-0.761416111491101,913699.333789319,-695705.393805872,3.67471092623762,0.083129598557409,-386514.137446776
173.8,-1.44293609459827,-21.4868930343985,20.0439569398002,-0.738011772201005,885614.126641204,-653593.65108872,3.52877357135652,0.0568335261849393,-372634.106398707
173.9,-1.53002982050396,-21.5218690650392,19.9918392445352,-0.711263545534685,853516.254641621,-607074.997447884,3.37513018968771,0.0289883383439031,-357818.800697758
174,-1.61361673517253,-21.5564691049487,19.9428523697761,-0.681503536967496,817804.244360994,-557336.485079048,3.21438663484636,-0.000177716679186979,-342121.932470967
174.1,-1.69347841962706,-21.5905839366378,19.8971055170108,-0.649081573722967,778897.888467559,-505568.267216019,3.04712894943482,-0.0304456692351311,-325597.569569573
174.2,-1.76942879171786,-21.6241049724425,19.8546761807247,-0.614356705129125,737228.046154948,-452920.993364536,2.87391927761457,-0.0616092038949656,-308299.712605937
174.3,-1.84131418879078,-21.6569248983189,19.8156107095282,-0.577689279222424,693227.135066907,-400469.883994227,2.69529339636822,-0.0934769196957204,-290281.987709554
174.4,-1.90901281931398,-21.6889383131859,19.7799254938719,-0.539433726253089,647320.471503706,-349186.49402315,2.51175974137604,-0.125873488762118,-271597.448110168
174.5,-1.97243362983864,-21.7200423537043,19.7476087238656,-0.499932126132026,599918.55135843,-299918.556886665,2.32379973630851,-0.158639799517043,-252298.471566731
174.6,-2.03151464434096,-21.7501372958001,19.7186226514592,-0.459508594892609,551410.313871129,-253377.778536215,2.13186918551897,-0.191632232237656,-232436.73618406
174.7,-2.08622084053792,-21.779127125734,19.692906285196,-0.418464496000717,502157.395200859,-210135.041295761,1.93640046154049,-0.224721261150354,-212063.25452453
174.8,-2.13654163252153,-21.8069200749711,19.6703784424496,-0.377074465259839,452489.358311806,-170622.182821192,1.73780521096024,-0.257789605722162,-191228.445203132
174.9,-2.18248803144483,-21.8334291144252,19.6509410829804,-0.335583231210551,402699.87745266,-135139.326083656,1.53647731425133,-0.29073016292347,-169982.222266816
175,-2.22408955649139,-21.8585724047705,19.6344828482791,-0.294203213480039,353043.856176046,-103866.636986377,1.33279586475023,-0.323443942204034,-148374.085374049
175.1,-2.26139096742872,-21.8822737004239,19.6208827329951,-0.25311288621522,303735.463458263,-76879.3598018386,1.12712797578999,-0.355838197461406,-126453.197757575
175.2,-2.29444888809581,-21.9044627054868,19.610013817391,-0.212455899272613,254947.079127135,-54165.0109628815,0.919831278771439,-0.387824908460976,-104268.44373391
175.3,-2.32332838754379,-21.925075380452,19.6017469929082,-0.172340953415601,206809.144098721,-35641.685069038,0.711256033853576,-0.419319712134205,-81868.4626302255
175.4,-2.34809958248882,-21.9440541988659,19.595954616377,-0.132842425310612,159410.910372733,-21176.5319548864,0.501746833968695,-0.450241326786325,-59301.660940209
175.5,-2.36883432141522,-21.9613483534611,19.5925140320459,-0.0940017324793408,112802.078975209,-10603.5908509411,0.291643937213505,-0.480511454625158,-36616.2088382524
175.6,-2.3856030071852,-21.9769139115987,19.5913109044135,-0.0558294174011696,66995.3008814033,-3740.30861682481,0.081284308101171,-0.510055095169058,-13860.0304924696
175.7,-2.39847161140925,-21.9907139202289,19.5922423088197,-0.0183079144206782,21969.4973048139,-402.215676521854,-0.128997518667195,-0.538801158433489,8919.20035875863
175.8,-2.4074989301167,-22.0027184610438,19.5952195309271,0.018605055527628,-22326.0666331531,-415.377709423335,-0.338868619556624,-0.566683235841093,31674.0475214338
175.9,-2.41273412642481,-22.0129046570534,19.6001705306286,0.0549725371776367,-65967.0446131635,-3626.37581249595,-0.547996773044767,-0.5936403708652,54357.270993757
176,-2.41421460191744,-22.0212566324778,19.6070420305603,0.0908739338537337,-109048.72062448,-9909.68622486325,-0.756049336096352,-0.619617671459425,76921.7482385125
176.1,-2.41196423429296,-22.0277654285717,19.6158011942788,0.12640025070822,-151680.300849864,-19172.4280549209,-0.962691807609203,-0.644566621900959,99320.3525611365
176.2,-2.40599201451093,-22.0324288787546,19.6264368642437,0.161649109386574,-193978.931263889,-31356.5214785671,-1.1675860161583,-0.668444981009804,121505.787289647
176.3,-2.3962911121491,-22.0352514471451,19.638960334996,0.196719661151977,-236063.593382372,-46438.3501004984,-1.37038791266705,-0.69121619388879,143430.379115108
176.4,-2.38283839296288,-22.0362440352488,19.6534056422859,0.231707525520307,-278049.030624368,-64426.0528592923,-1.57074499533597,-0.712848291589918,165045.838654767
176.5,-2.36559440770244,-22.0354237620638,19.6698293543613,0.266699875911664,-320039.851093995,-85354.588573556,-1.76829344022517,-0.733312303171315,186303.000644809
176.6,-2.3445038660564,-22.0328137232094,19.688309857153,0.301770783665299,-362124.940398358,-109278.727048762,-1.96265505252043,-0.752580253056854,207151.559795997
176.7,-2.31949660411309,-22.0284427348282,19.7089461307151,0.336976918404147,-404372.302084976,-136264.132244586,-2.15343418746435,-0.770622859292176,227539.820961906
176.8,-2.29048904790261,-22.0223450679394,19.7318560200368,0.372353687831565,-446824.425397878,-166376.72261012,-2.34021481375189,-0.787407081652889,247414.483673546
176.9,-2.25738616934099,-22.0145601786492,19.7571740093082,0.407911885251091,-489494.262301308,-199670.527354919,-2.52255790438317,-0.802893689937462,266720.481185121
177,-2.22008392417544,-22.0051324391674,19.785048514992,0.443634899819407,-532361.879783287,-236174.309205329,-2.6999993400753,-0.817035030589447,285400.892956978
177.1,-2.17847215427822,-21.9941108739769,19.8156387196987,0.479476533698463,-575371.840438154,-275877.295640992,-2.87204849890267,-0.829773163646803,303396.947075529
177.2,-2.13243792882785,-21.9815489047899,19.849110975962,0.515359462162708,-618431.354595248,-318714.450288762,-3.03818768428269,-0.841038522691459,320648.125662213
177.3,-2.08186929057062,-21.9675041071515,19.8856348165809,0.551174366950917,-661409.240341099,-364551.819340492,-3.19787251385977,-0.850749219816696,337092.382104853
177.4,-2.02665936453726,-21.9520379807522,19.9253786162149,0.586779768697116,-704135.722436537,-413172.596342688,-3.35053335680335,-0.858811078355212,352666.474244892
177.5,-1.96671077742817,-21.9352157347138,19.9685049572856,0.622002579614821,-746403.095537784,-464264.650856989,-3.49557786922044,-0.865118431527095,367306.412776673
177.6,-1.90194032656005,-21.9171060883538,20.0151657617938,0.656639390995731,-787967.269194875,-517410.347768692,-3.63239463935997,-0.869555678873606,380948.01935211
177.7,-1.83228382802616,-21.8977810872052,20.065497259179,0.690458499858395,-828550.199830072,-572079.528032046,-3.76035791825994,-0.871999547907132,393527.584494051
177.8,-1.7577010648392,-21.8773159333856,20.1196148685464,0.723202664015839,-867843.196819005,-627626.511887527,-3.87883337910296,-0.872321969062181,404982.611610772
177.9,-1.67818074760206,-21.8557888287734,20.1776080811713,0.75459255444041,-905511.065328491,-683291.907860283,-3.98718482077551,-0.8703934404129,415252.630315886
178,-1.59374539299116,-21.8332808288358,20.2395354358446,0.784330848583586,-941197.018300301,-738209.856047816,-4.08478170824565,-0.866086736575513,424280.059967355
178.1,-1.50445601933161,-21.8098757043934,20.3054196850618,0.812106879832689,-974528.255799224,-791421.101125901,-4.17100742401838,-0.859280804679599,432011.102854605
178.2,-1.41041655405301,-21.7856598080768,20.3752432540238,0.837601729147845,-1005122.07497741,-841891.98800575,-4.24526809023575,-0.8498646892782,438396.645732918
178.3,-1.31177784506653,-21.7607219417742,20.4489440967077,0.860493618491312,-1032592.34218957,-888539.120957124,-4.30700180879985,-0.837741336705751,443393.148332205
178.4,-1.2087411672889,-21.7351532209994,20.5264120537106,0.880463445678258,-1056556.13481391,-930259.055010756,-4.35568815599184,-0.822831146077026,446963.497926159
178.5,-1.10156111681961,-21.7090469318666,20.607485815047,0.897200290320075,-1076640.34838409,-965962.03314051,-4.3908577573981,-0.805075156696929,449077.809899842
178.6,-0.990547788808367,-21.6824983762841,20.6919505874757,0.910406723415852,-1092488.06809902,-994608.482448943,-4.41210175789465,-0.784437787658454,449714.155369275
178.7,-0.876068140982174,-21.6556047011046,20.7795365601224,0.919803770361231,-1103764.52443347,-1015246.77116488,-4.41908098989456,-0.760909072326251,448859.198181243
178.8,-0.758546453308661,-21.6284647073185,20.8699182540099,0.925135408391804,-1110162.49007016,-1027050.62863232,-4.41153463158682,-0.734506355906917,446508.724989902
178.9,-0.638463805543925,-21.6011786359631,20.9627148304192,0.926172522446578,-1111407.02693589,-1029354.64960207,-4.38928813668142,-0.705275446468536,442668.053551513
179,-0.516356508652411,-21.5738479282133,21.0574914195609,0.922716293838094,-1107259.55260571,-1021686.43069717,-4.35226020995979,-0.673291227233922,437352.305932122
179.1,-0.392813443484016,-21.5465749580938,21.1537615146098,0.914601048052956,-1097521.25766354,-1003794.09251948,-4.30046860081856,-0.63865775004716,430586.535063269
179.2,-0.268472280784913,-21.5194627373238,21.2509904565389,0.90169663464286,-1082035.96157143,-975668.185111509,-4.23403449222877,-0.601507836612106,422405.695119019
179.3,-0.144014580632067,-21.4926145928996,21.3486000122675,0.883910446630448,-1060692.53595653,-937557.213194922,-4.153185277218,-0.562002216090292,412854.448650534
179.4,-0.0201597965700131,-21.4661338190414,21.4459740224714,0.861189203264722,-1033427.04391766,-889976.21258367,-4.05825554081649,-0.520328226132495,401986.806421432
179.5,0.102341760288667,-21.4401233059781,21.5424650662668,0.833520614413509,-1000224.73729621,-833707.937582726,-3.94968610342276,-0.476698100988162,389865.599525881
179.6,0.222716909833924,-21.4146851486437,21.6374020584776,0.800935016237503,-961122.019485002,-769796.280282442,-3.82802103190464,-0.431346866748052,376561.787673572
179.7,0.340178423602161,-21.3899202386648,21.730098662267,0.763507018118168,-916208.421741799,-699531.560058834,-3.69390258661299,-0.384529861738906,362153.612448086
179.8,0.453934523849476,-21.3659278430022,21.8198623668517,0.721357135369715,-865628.562443656,-624427.34009856,-3.54806414393702,-0.336519901056607,346725.60975711
179.9,0.563198876147492,-21.3428051723078,21.9060040484553,0.674653309013507,-809583.970816206,-546188.504835448,-3.39132121211865,-0.287604109204675,330367.501373749
180,0.667200862913901,-21.3206469415361,21.98784780445,0.623612142563638,-748334.571076364,-466670.525223373,-3.22456073889167,-0.238080454228649,313172.991115553
180.1,0.765195903072922,-21.2995449247009,22.0647408277738,0.568499626631142,-682199.551957369,-387830.190575696,-3.04872898851948,-0.188254030384293,295238.496456973
180.2,0.85647556810336,-21.2795875050248,22.1360630731281,0.509631084627568,-611557.30155308,-311668.610902405,-2.86481833793185,-0.138433153376366,276661.850822682
180.3,0.940377238659277,-21.2608592212153,22.2012364598746,0.447370064221112,-536844.077065334,-240167.969233442,-2.67385340177251,-0.0889253511003338,257541.015065428
180.4,1.01629304992967,-21.2434403103388,22.2597333602685,0.38212592357253,-458551.108287034,-175224.26575939,-2.47687693943391,-0.0400333517067319,237972.838333197
180.5,1.08367788859335,-21.2274062478341,22.3110841364275,0.314349919048923,-377219.902858707,-118579.045927277,-2.27493601946095,0.00794881248362378,218051.908392524
180.6,1.1420562296344,-21.2128272856754,22.3548835153098,0.244529688441741,-293435.626130089,-71753.7222352979,-2.0690689150586,0.054739454376276,197869.529321197
180.7,1.19102763673149,-21.1997679905363,22.3907956272678,0.173182133506452,-207818.560207742,-35990.4616390157,-1.86029317731543,0.100072498107264,177512.860268547
180.8,1.23027079405367,-21.1882867849925,22.4185575790461,0.1008448279646,-121013.793557519,-12203.6151926516,-1.6495952803489,0.143700227173045,157064.242803249
180.9,1.25954598810377,-21.1784354962133,22.4379814843171,0.0280662004310416,-33679.4405172505,-945.253927962498,-1.43792215691833,0.185395391583928,136600.736469931
181,1.27869601327193,-21.1702589181074,22.4489549313793,-0.0446051457992439,53526.1749590935,-2387.5428381262,-1.22617484796142,0.224952571822591,116193.872933548
181.1,1.28764553119505,-21.1637943943453,22.4514399255404,-0.116631523443487,139957.828132184,-16323.4947128983,-1.01520438039421,0.262188727329273,95909.6289927453
181.2,1.28639896892574,-21.1590714309261,22.4454703998518,-0.187497149596452,224996.579515742,-42186.2173281531,-0.805809870990657,0.296942894976191,75808.6083583039
181.3,1.27503709143111,-21.1561113478342,22.4311484392653,-0.256718495360898,308062.194433078,-79085.2630324363,-0.598738737559326,0.329075046533884,55946.4120303143
181.4,1.25371242745703,-21.1549269797421,22.4086394071991,-0.32385347589283,388624.171071396,-125857.288617441,-0.39468878943792,0.358464160846533,36374.1679769093
181.5,1.22264376213073,-21.1555224355546,22.3781661976853,-0.388509013892997,466210.816671596,-181127.10465133,-0.194311874554744,0.385005613254655,17139.1831838415
181.6,1.18210993321459,-21.157892925855,22.3400028590696,-0.450346597723795,540415.917268553,-243374.469697677,0.00178131401564624,0.408608028445229,-1714.32451102206
181.7,1.13244317970413,-21.1620246659883,22.2944678456925,-0.509085570959136,610902.685150962,-311001.742270547,0.193015718380732,0.429189780113966,-20144.4606992076
181.8,1.07402229121231,-21.1678948606845,22.2419171518968,-0.564504024458917,677404.829350699,-382397.752356376,0.378846150914754,0.446675348621007,-38110.9014592556
181.9,1.00726579472671,-21.175471773865,22.1827375685917,-0.616437304928175,739724.765913809,-455993.941088533,0.558751744794015,0.460991763768066,-55574.198001106
182,0.93262539293832,-21.1847148847315,22.1173402776699,-0.664774294885083,797729.153862096,-530309.835767949,0.732231045896098,0.472065362221417,-72495.1793646577
182.1,0.850579837057218,-21.1955751285434,22.0461549656006,-0.709451747918888,851342.097502664,-603986.139150198,0.898798112447462,0.479819077153632,-88834.4870782228
182.2,0.761629378937187,-21.2079952178186,21.9696245967557,-0.750447071084993,900536.485301989,-675804.967800051,1.05797990890002,0.484170451580073,-104552.267319464
182.3,0.666290904822262,-21.2219100371955,21.8882009420178,-0.787770026023403,945324.031228081,-744697.936681093,1.20931518577729,0.485030527849779,-119608.036486487
182.4,0.565093808651884,-21.2372471030192,21.8023409116711,-0.821453866903869,985744.640284641,-809743.746541582,1.35235493395429,0.482303716007572,-133960.725785412
182.5,0.458576619158507,-21.2539270769873,21.7125036961458,-0.851546444175134,1021855.73301016,-870157.615904776,1.48666439665559,0.475888686302674,-147568.900112113
182.6,0.347284354339347,-21.2718643220138,21.6191486763532,-0.878101778628487,1053722.13435418,-925275.280356612,1.61182652191717,0.465680269639345,-160391.136778795
182.7,0.231766541352595,-21.2909674878972,21.5227340292498,-0.901172553445467,1081407.06413456,-974534.365300106,1.72744664841396,0.451572288284442,-172386.541087378
182.8,0.112575811121875,-21.3111401144328,21.4237159255547,-0.920803888055891,1104964.66566707,-1017455.76031061,1.83315814361476,0.433461181788137,-183515.368867511
182.9,-0.00973304393896157,-21.3322812402777,21.3225481963387,-0.937028654088993,1124434.38490679,-1053627.23830059,1.92862865925016,0.411250243741056,-193739.721243165
183,-0.13460367307659,-21.3542860070859,21.2196823340093,-0.949864479057366,1139837.37486884,-1082691.0342899,2.01356663774965,0.384854247075862,-203024.2742916
183.1,-0.261478559168332,-21.3770462500919,21.1155676909236,-0.95931246680913,1151174.96017095,-1104336.4907705,2.08772769578235,0.354204211745044,-211337.005982629
183.2,-0.389799323481451,-21.4004510683056,21.0106517448242,-0.965357554089573,1158429.06490749,-1118298.24868536,2.15092052691372,0.319252060418211,-218649.884751945
183.3,-0.519007056301039,-21.4243873696437,20.9053803133427,-0.967970327598803,1161564.39311856,-1124359.86613408,2.20301200274512,0.279974915886005,-224939.488044811
183.4,-0.648542770067127,-21.448740388513,20.8001976184459,-0.967110051844722,1160532.06221366,-1122362.22285492,2.2439312074608,0.236378817527835,-230187.524818114
183.5,-0.777848051284089,-21.4733941754317,20.6955461241476,-0.962728608822331,1155274.33058679,-1112215.64909397,2.27367221009638,0.188501671779344,-234381.242867058
183.6,-0.906365964864005,-21.4982320600943,20.5918660952303,-0.954775027636675,1145730.03316401,-1093914.42407833,2.29229545693117,0.13641530031835,-237513.709443735
183.7,-1.03354224143318,-21.5231370907556,20.4895948493225,-0.943200284763439,1131840.34171612,-1067552.1326134,2.29992774768194,0.0802265061835885,-239583.96142893
183.8,-1.1588267560124,-21.5479924538491,20.3891656978367,-0.927962080704408,1113554.49684529,-1033336.3478703,2.29676083815291,0.0200771382301643,-240597.028787986
183.9,-1.28167528668094,-21.5726818783441,20.2910065916631,-0.90902934166435,1090835.20999722,-991601.212808063,2.28304878360242,-0.0438568060367004,-240563.84171434
184,-1.4015515253387,-21.5970900294814,20.1955385041427,-0.886386249794568,1063663.49975348,-942816.700589851,2.25910419700715,-0.111366944278648,-239501.037344803
184.1,-1.51792930012499,-21.6211028962475,20.1031735961225,-0.860035666343597,1032042.79961231,-887593.616859688,2.22529364134605,-0.182214998357347,-237430.685922739
184.2,-1.63029496070554,-21.6446081763282,20.0143132156227,-0.8300018727786,996002.247334317,-826683.730579177,2.18203240290485,-0.256135832232849,-234379.958609045
184.3,-1.73814987343031,-21.6674956614064,19.9293457879761,-0.796332610417974,955599.132501566,-760974.751698124,2.12977890261376,-0.33284084118751,-230380.759739183
184.4,-1.84101297292544,-21.6896576246378,19.8486446517124,-0.759100445357085,910920.5344285,-691480.183369589,2.06902899504451,-0.412021488501496,-225469.345262383
184.5,-1.93842331941282,-21.7109892110546,19.7725658916418,-0.718403519907934,862084.22388952,-619324.340899331,2.00031038153719,-0.493352794227018,-219685.946553382
184.6,-2.02994261619266,-21.7313888306022,19.7014462144096,-0.674365773328703,809238.927994442,-545723.035484662,1.92417732761582,-0.576496602977288,-213074.415029752
184.7,-2.11515764844344,-21.7507585525912,19.6356009041478,-0.627136723595955,752564.068315144,-471960.564099201,1.8412058287449,-0.661104491548443,-205681.898383202
184.8,-2.1936826119518,-21.7690044995967,19.5753218876449,-0.57689089983537,692269.079802443,-399363.732375435,1.75198931641378,-0.746820219786859,-197558.554131011
184.9,-2.26516130781017,-21.7860372383007,19.5208759304905,-0.523827004084843,628592.40490181,-329273.676250201,1.65713494253871,-0.833281675872972,-188757.301019637
185,-2.32926918585883,-21.8017721644581,19.4725029785992,-0.468166864112104,561800.236934524,-263016.255183073,1.55726042817461,-0.920122316286162,-179333.60396
185.1,-2.3857152252034,-21.8161298790586,19.4304146538552,-0.410154218976143,492185.06277137,-201871.780012715,1.45299141610909,-1.0069721473138,-169345.283995995
185.2,-2.4342436441871,-21.8290365528302,19.3947929086431,-0.350053358654962,420064.030385954,-147044.824686743,1.34495922906858,-1.09345833553827,-158852.341594724
185.3,-2.47463543459826,-21.8404242764364,19.3657888418381,-0.288147620683579,345777.144820294,-99634.8615667291,1.23379890824822,-1.17920556630982,-147916.7795074
185.4,-2.50670971567368,-21.8502313940082,19.3435216783345,-0.224737732093275,269685.278511929,-60608.4578717142,1.12014739206088,-1.263836289602,-136602.410699973
185.5,-2.53032490279185,-21.8584028179769,19.3280779151851,-0.160139975100943,192167.97012113,-30773.7739503965,1.00464169284688,-1.34697100059275,-124974.637410685
185.6,-2.54537968392589,-21.8648903234749,19.319510639549,-0.0946841504137054,113620.980496447,-10758.1060074783,0.887916939343776,-1.42822869756125,-113100.189181725
185.7,-2.55181379431354,-21.8696528208226,19.317839026509,-0.0287113125817054,34453.5750980463,-989.207364197267,0.770604173703068,-1.50722764297503,-101046.810572056
185.8,-2.54960857681829,-21.8726566047861,19.3230480279678,0.0374287429834812,-44914.4915801774,-1681.09296158819,0.653327821769464,-1.58358652660214,-88882.8929559313
185.9,-2.53878731252788,-21.8738755793534,19.3350882668255,0.10338025272091,-124056.303265092,-12824.9719831671,0.536702791683404,-1.65692609450261,-76677.0490632761
186,-2.51941530367586,-21.8732914567485,19.3538761530727,0.168784516922713,-202541.420307256,-34185.8557834005,0.421331195772364,-1.72687126774839,-64497.6334116963
186.1,-2.49159968934881,-21.8708939292795,19.3792942399307,0.23328317686984,-279939.812243808,-65305.248732582,0.307798731182249,-1.79305373289057,-52412.2161975569
186.2,-2.45548897396571,-21.8666808124287,19.411191838463,0.296521708246812,-355826.049896173,-105510.148153929,0.196670792882286,-1.85511494576312,-40487.0222540368
186.3,-2.41127224942674,-21.8606581573604,19.4493859079337,0.358153087090577,-429783.704508691,-153928.360551012,0.0884884259564938,-1.91270945417827,-28786.3500823973
186.4,-2.3591780942809,-21.8528403307788,19.4936622364979,0.417841570108475,-501409.884130169,-209509.893252858,-0.0162357496778134,-1.96550841598016,-17371.9885062411
186.5,-2.29947313732946,-21.8432500598442,19.5437769225148,0.475266517812402,-570319.821374881,-271053.915544231,-0.117021491391039,-2.01320316870009,-6302.65003797801
186.6,-2.23246027874419,-21.8319184396774,19.5994581609332,0.530126177055979,-636151.412467174,-337240.516319984,-0.213424604054994,-2.05550869688136,4366.5594981467
186.7,-2.15847656893273,-21.8188849008769,19.6604083319442,0.582141329699066,-698569.595638878,-406666.233292555,-0.305040171459552,-2.09216684340117,14584.6161818652
186.8,-2.07789075383537,-21.8041971344651,19.7263063806297,0.631058706737346,-757270.448084813,-477882.109618812,-0.3915052034395,-2.1229491214249,24304.9808269815
186.9,-1.99110050481414,-21.7879109717708,19.7968104669567,0.676654062826542,-811984.875391849,-549432.864887598,-0.472500573277308,-2.14765900289531,33485.9148100904
187,-1.89852936144929,-21.7700902169793,19.8715608555301,0.718734805224071,-862481.766268883,-619895.664288579,-0.547752147348335,-2.16613358602878,42090.6976631534
187.1,-1.80062342597626,-21.750806430415,19.9501830044388,0.757142074282482,-908570.489138976,-687916.944778534,-0.617031042082302,-2.17824457609583,50087.7391587207
187.2,-1.69784785831304,-21.7301386610925,20.0322908027795,0.791752180224007,-950102.616268806,-752245.81786736,-0.680152980306107,-2.18389854851738,57450.5829545209
187.3,-1.5906832301422,-21.7081731276578,20.1174898975156,0.822477313357491,-986972.776028987,-811762.717185305,-0.736976758020133,-2.18303649869038,64157.8033619313
187.4,-1.47962180480901,-21.6850028475408,20.2053810427317,0.849265462343409,-1019118.55481209,-865502.190635236,-0.787401871793277,-2.17563271678449,70192.8012508917
187.5,-1.36516381636694,-21.6607272149453,20.2955633985783,0.872099497501678,-1046519.39700201,-912669.040251213,-0.831365394507614,-2.16169305613192,75543.5093064162
187.6,-1.24781382546956,-21.6354515291847,20.3876377037151,0.890995403122874,-1069194.48374745,-952647.370063308,-0.868838221576259,-2.14125268926493,80202.0206335917
187.7,-1.12807723155898,-21.6092864758212,20.4812092442622,0.90599967357861,-1087199.60829433,-985002.490229454,-0.899820839625913,-2.11437346510071,84164.1579178249
187.8,-1.00645701960604,-21.5823475640474,20.5758905444413,0.917185921665864,-1100623.10599903,-1009476.01788247,-0.924338793806515,-2.08114099366994,87429.0028605252
187.9,-0.88345081530294,-21.5547545247363,20.6713037094334,0.924650782650039,-1109580.93918004,-1025974.88382639,-0.942438047386147,-2.04166159102708,89998.407329728
188,-0.759548315014346,-21.5266306745387,20.7670823595244,0.928509232173077,-1114211.07860769,-1034555.27307676,-0.954180437316463,-1.99605921685779,91876.508519396
188.1,-0.635229146032312,-21.4981022522888,20.8628731062565,0.92888946861583,-1114667.36233899,-1035402.77388648,-0.959639431400842,-1.94447253141136,93069.2703556067
188.2,-0.510961198990998,-21.4692977347492,20.9583365357582,0.925927538575461,-1111113.04629055,-1028810.16803089,-0.958896386142269,-1.88705218754936,93584.0724041897
188.3,-0.387199458083522,-21.4403471393429,21.0531476812594,0.919761905783974,-1103714.28694077,-1015154.35599764,-0.952037489082663,-1.82395845883758,93429.3656315005
188.4,-0.264385336550042,-21.4113813219388,21.1469959853887,0.910528177177822,-1092633.81261338,-994873.873721719,-0.93915154551329,-1.75535928666494,92614.4115857686
188.5,-0.142946505480655,-21.3825312779582,21.2395847724775,0.898354203408995,-1078025.04409079,-968448.329739129,-0.920328737181263,-1.68142880923973,91149.1179700921
188.6,-0.0232971841242353,-21.3539274550081,21.3306302708839,0.883355763863616,-1060026.91663634,-936380.886661286,-0.895660440736875,-1.60234641378378,89043.9792730569
188.7,0.094161159481196,-21.3256990849224,21.4198602444036,0.865633027883348,-1038759.63346002,-899184.64675499,-0.865240147257603,-1.51829633098707,86310.1262486507
188.8,0.209038766698054,-21.2979735424956,21.5070123091936,0.845267954777924,-1014321.54573351,-857373.498449343,-0.829165472774559,-1.42946776835563,82959.4827700959
188.9,0.320956290050869,-21.2708757373355,21.5918320273863,0.822322756559614,-986787.307871535,-811457.659146961,-0.787541195279735,-1.33605555695078,79005.0231342644
189,0.42954333571393,-21.2445275441754,21.6740708798893,0.796839501028538,-956207.401234244,-761943.82847929,-0.740483198579184,-1.2382612646056,74461.1175071361
189.1,0.534436952324956,-21.2190472757084,21.7534842280334,0.768840881384516,-922609.057661416,-709339.561065741,-0.688123150289971,-1.13629470844649,69343.9481418389
189.2,0.635280175632435,-21.1945492005978,21.8298293762302,0.738332124815202,-885998.54977824,-654161.191840955,-0.630613693199662,-1.03037578093045,63671.9745458719
189.3,0.731720737474951,-21.17114310784,21.902863845315,0.705303959533241,-846364.751439887,-596944.410399919,-0.568133889139481,-0.920736487204865,57466.4221962497
189.4,0.823410041518549,-21.1489339171888,21.9723439587073,0.669736510421656,-803683.812505986,-538256.392070131,-0.500894625385159,-0.807623078075551,50751.7669524949
189.5,0.910002497152025,-21.128021333951,22.038023831103,0.631603950382536,-757924.740459042,-478708.260166589,-0.429143677998357,-0.691298152987436,43556.1862098424
189.6,0.991155287328326,-21.1084995452259,22.0996548325543,0.590879699766101,-709055.639719319,-418966.583514812,-0.353170126525557,-0.572042601978263,35911.9482224571
189.7,1.06652862656398,-21.0904569536222,22.1569855801862,0.547541941412302,-657050.32969476,-359762.613126662,-0.273307831397686,-0.450157255338763,27855.7129873872
189.8,1.13578654262382,-21.0739759437097,22.2097624863335,0.501579204822222,-601895.045786665,-301898.038452111,-0.189937719594852,-0.325964115373417,19428.7216042904
189.9,1.1985981906825,-21.0591326759837,22.2577308666662,0.452995770243466,-543594.924292158,-246246.201430165,-0.103488674938637,-0.199807056674196,10676.8560065888
190,1.25463968318072,-21.0459969029439,22.3006365861246,0.401816652044286,-482179.982453141,-193747.946232094,-0.0144368948604722,-0.0720518998675257,1650.55719055163
190.1,1.30359639349857,-21.0346318020318,22.3382281955303,0.348091940385478,-417710.328462572,-145401.598753592,0.0766963473879667,0.0569142113373025,-7595.40275031892
190.2,1.34516566829797,-21.0250938206085,22.3702594889064,0.2919003103202,-350280.372384239,-102246.949398034,0.169348511493282,0.186684169433459,-17002.2917292691
190.3,1.37905986324915,-21.0174325288624,22.3964923921115,0.23335154720644,-280021.856647727,-65343.5335003671,0.26292105908606,0.316833003287444,-26507.9209797139
190.4,1.40500960103761,-21.0116904774718,22.4167000785094,0.172587985472982,-207105.582567578,-35743.9352755466,0.356785988201178,0.446920685697589,-36047.2621344265
190.5,1.4227671400316,-21.0079030579625,22.4306701979941,0.109784812606707,-131741.775128048,-14463.2460949078,0.450293363163898,0.576495575810743,-45553.1529584584
190.6,1.4321097374811,-21.0060983649311,22.4382081024121,0.0451492493851088,-54179.0992621301,-2446.14566404648,0.542779509014842,0.705098386145332,-54957.0612645152
190.7,1.43284289298023,-21.0062970605849,22.4391399535651,-0.021081322141824,25297.5865701885,-533.306571896825,0.633575497971516,0.832266530018079,-64189.8728931736
190.8,1.42480336613172,-21.0085122433136,22.4333156094453,-0.0886421532220923,106370.583866511,-9428.91759341869,0.722015536804523,0.957538677460521,-73182.6680203488
190.9,1.40786187646949,-21.0127493231684,22.4206111996379,-0.15724466394039,188693.596728468,-29671.0612052714,0.807444870654998,1.08045932853132,-81867.4506570622
191,1.38192541288988,-21.0190059081274,22.4009313210173,-0.226580496667986,271896.596001582,-61606.4657643733,0.889226851256352,1.20058320420739,-90177.7990904419
191.1,1.34693910291728,-21.0272717057883,22.3742108087056,-0.296325837067868,355591.00448144,-105370.802056767,0.966748874378485,1.31747925815532,-98049.4100891675
191.2,1.30288761759731,-21.0375284456014,22.3404160631988,-0.366145742129512,439374.890555413,-160875.245375485,1.03942696934153,1.43073412833568,-105420.516718737
191.3,1.24979611398717,-21.0497498269003,22.2995459408875,-0.435698223398842,522837.86807861,-227799.530247488,1.10670891770238,1.53995487546127,-112232.168196319
191.4,1.1877307423298,-21.0639014977718,22.2516322401016,-0.504637861330291,605565.433596348,-305591.245305612,1.16807588237533,1.64477089483616,-118428.369851641
191.5,1.11679876733221,-21.0799410692461,22.1967398365783,-0.572618772080777,687142.526496931,-393470.709767155,1.2230426352519,1.74483493719793,-123956.091344
191.6,1.03714837095833,-21.0978181684015,22.1349665393598,-0.639296808072608,767156.169687127,-490440.490574188,1.27115657318244,1.83982323021841,-128765.161152193
191.7,0.948968216513499,-21.1174745328232,22.0664427493367,-0.704330943928391,845197.132714068,-595298.494290069,1.3119958015069,1.92943475196282,-132808.074324508
191.8,0.852486859633387,-21.1388441475088,21.9913310071422,-0.767383874634584,920860.649561499,-706653.613259023,1.34516663446393,2.01338976704494,-136039.747900987
191.9,0.747972090633866,-21.161853423866,21.9098255144998,-0.828121927239952,993746.31268794,-822943.111650733,1.3703009073349,2.09142779137926,-138417.263727373
192,0.635730284546057,-21.1864214190037,21.8221517035497,-0.886214455230278,1063457.34627633,-942451.272790915,1.38705351236426,2.16330519826756,-139899.641115915
192.1,0.516105820561112,-21.2124600921911,21.7285659127522,-0.941332940524072,1129599.52862888,-1063329.24589883,1.39510055761193,2.22879271332673,-140447.681673542
192.2,0.389480612508525,-21.2398745942386,21.6293552067471,-0.993150067140531,1191780.08056863,-1183616.46703349,1.39413850535969,2.28767306531726,-140023.925495009
192.3,0.256273767761915,-21.2685635847457,21.5248373525076,-1.04133904938222,1249606.85925866,-1301264.41892192,1.38388457707183,2.33973906197863,-138592.75188552
192.4,0.116941365297535,-21.2984195717191,21.4153609370166,-1.08557349352771,1302688.19223325,-1414163.77181994,1.3640786197291,2.38479234330076,-136120.649109963
192.5,-0.0280236835767731,-21.3293292680451,21.3013055844683,-1.12552804472833,1350633.65367399,-1520176.05536396,1.33448651979771,2.42264302927093,-132576.666826583
192.6,-0.178091754064098,-21.3611739597155,21.1830822056514,-1.1608800209229,1393056.02510747,-1617170.90757353,1.29490513356195,2.45311042634478,-127933.052476304
192.7,-0.332696690910677,-21.3938298815424,21.0611331906317,-1.19131216580938,1429574.59897125,-1703069.61168651,1.24516858412483,2.47602488929854,-122166.059716131
192.8,-0.491236157488753,-21.4271685973132,20.9359324398245,-1.21651656775533,1459819.88130639,-1775895.07154784,1.18515566425764,2.49123085650678,-115256.903838427
192.9,-0.653072263465148,-21.4610573828528,20.8079851193877,-1.23619969717944,1483439.63661532,-1833827.62956784,1.11479798815565,2.49859099182121,-107192.826868798
193,-0.817532586687303,-21.4953596121786,20.6778270254913,-1.2500884188945,1500106.10267339,-1875265.26606497,1.03408846068872,2.49799128056992,-97968.2245183432
193.1,-0.983911699936691,-21.5299351487301,20.5460234487934,-1.25793674637937,1509524.09565524,-1898885.82946981,0.943089585056805,2.48934684658502,-87585.779132364
193.2,-1.15147330019415,-21.5646407453833,20.4131674451891,-1.2595330300589,1511439.63607068,-1903708.14457122,0.841941112133722,2.47260818740423,-76057.5378420831
193.3,-1.31945301764729,-21.5993304584828,20.2798774408355,-1.25470721851394,1505648.66221672,-1889148.24502917,0.730866548396585,2.44776747124383,-63405.8737209182
193.4,-1.48706195498232,-21.6338560822921,20.1467941273097,-1.24333780529485,1492005.36635382,-1855066.6776905,0.610178083273745,2.41486450653459,-49664.2700864618
193.5,-1.65349097611326,-21.6680676109448,20.0145766348315,-1.22535807719791,1470429.69263749,-1801802.90082499,0.480279568101998,2.37399198606851,-34877.8741476355
193.6,-1.81791572930315,-21.7018137350925,19.8838980057893,-1.20076131195628,1440913.57434754,-1730193.27394916,0.341667273059647,2.32529962493492,-19103.7757014967
193.7,-1.97950235469136,-21.7349423799082,19.7554400252169,-1.16960463073054,1403525.55687664,-1641569.99067158,0.194928259507824,2.26899685452771,-2410.97902936285
193.8,-2.13741379264557,-21.7673012899297,19.6298874972841,-1.13201128741222,1358413.54489466,-1537739.46579441,0.0407363263251761,2.2053538022623,15119.949184795
193.9,-2.29081657906313,-21.7987386644445,19.5079220853814,-1.0881712646992,1305805.51763903,-1420940.04158046,-0.1201543871501,2.13470037475366,33397.5570622895
194,-2.43888798844403,-21.8291038448363,19.3902158563923,-1.03834013763381,1246008.16516056,-1293780.28970567,-0.286917939224332,2.05742336596056,52320.4946050901
194.1,-2.58082336657131,-21.8582480526638,19.2774246860925,-0.982836250779532,1179403.50093544,-1159160.51501564,-0.458666953954682,1.97396162476188,71778.7796064899
194.2,-2.71584348285285,-21.8860251744297,19.1701816915769,-0.922036328914061,1106443.59469687,-1020181.19020478,-0.634464416528954,1.8847994312582,91655.297206853
194.3,-2.84320172823188,-21.9122925861947,19.0690908579629,-0.85636969870996,1027643.63845195,-880042.873042304,-0.813336423473302,1.79045834003893,111827.476242562
194.4,-2.96219098804748,-21.936912008621,18.9747210205735,-0.786311338551578,943573.606261892,-741942.625361728,-0.994285371229473,1.69148784412704,132169.07709231
194.5,-3.07215002990175,-21.9597503808601,18.8876003509583,-0.712373996006879,854848.795208253,-608972.052224169,-1.17630305070442,1.58845528843631,152552.021011421
194.6,-3.17246926371193,-21.9806807400772,18.8082114763653,-0.635099620095864,762119.544115035,-484021.832935091,-1.35838312843021,1.48193551073157,172848.190232596
194.7,-3.26259575367615,-21.9995830924198,18.7369873387437,-0.555050352174627,666060.42260955,-369697.072139012,-1.53953253634907,1.37250070737106,192931.131412425
194.8,-3.3420373886608,-22.0163452609283,18.6743078722675,-0.472799309214555,567359.171057465,-268247.024152512,-1.71878135978081,1.2607110086861,212677.602071341
194.9,-3.41036614721222,-22.0308636962247,18.6204975490125,-0.388921380380504,466705.656456604,-181511.808140491,-1.89519090316329,1.14710620511853,231968.910025544
195,-3.46722042464507,-22.043044236727,18.575823812082,-0.303984245016618,364781.094019939,-110887.705461987,-2.06785972063876,1.03219899285816,250692.008752395
195.1,-3.51230642109984,-22.0528028065042,18.5404963854043,-0.218539809007256,262247.770808706,-57311.5777451133,-2.23592751729173,0.916470011473601,268740.32631741
195.2,-3.54539861977541,-22.060066040579,18.5146674208036,-0.133116247114655,159739.496537585,-21263.9222950678,-2.39857694979087,0.800364832466934,286014.320971784
195.3,-3.5663394124827,-22.0647718293471,18.4984324168644,-0.0482108301213816,57852.9961456585,-2789.14096919129,-2.55503347487172,0.6842929346668,302421.771817229
195.4,-3.57503795410258,-22.0668697756849,18.4918318215823,0.0357162947076937,-42859.5536492319,-1530.78444917618,-2.70456350307535,0.568628578497763,317877.827070365
195.5,-3.57146834747594,-22.0663215601564,18.4948532126805,0.118247215771877,-141896.658926252,-16778.884845361,-2.84647120652856,0.4537133750968,332304.844573719
195.6,-3.55566727490631,-22.06310121142,18.5074339365137,0.199010128892698,-238812.154671237,-47526.0376822659,-2.98009439745856,0.339860246087347,345632.068574511
195.7,-3.52773120123799,-22.0571952804397,18.5294640792017,0.277681865293339,-333218.238352005,-92528.6619753453,-3.10479993422586,0.227358392471863,357795.192900912
195.8,-3.48781327607772,-22.0486029184293,18.5607896423516,0.353989011419797,-424786.813703756,-150369.864247158,-3.21997912144258,0.116478841754359,368735.863212517
195.9,-3.43612005914564,-22.0373358596058,18.6012158004602,0.427707604207029,-513249.125048433,-219520.553635819,-3.32504354981882,0.00748012413757237,378401.169938459
196,-3.3729081832905,-22.0234183108629,18.6505101275724,0.498661440511314,-598393.728613575,-298395.878703382,-3.41942177150245,-0.0993863577916865,386743.17904166
196.1,-3.29848105503062,-22.0068867514301,18.7084056963995,0.566719098525133,-680062.918230158,-385404.643959766,-3.50255713165355,-0.20387165768971,393718.540291378
196.2,-3.21318567354538,-21.9877896465125,18.7746039729672,0.631789827846202,-758147.79341544,-478990.063883918,-3.57390698240802,-0.305725634037769,399288.20291657
196.3,-3.11740962707333,-21.9661870798314,18.8487774527581,0.693818518626794,-832582.222352151,-577660.964147374,-3.63294339817524,-0.404694549542287,403417.257129037
196.4,-3.01157830210323,-21.9421503109189,18.9305720088156,0.752780003903291,-903336.004683947,-680013.281131965,-3.67915539915234,-0.50052004801384,406074.907919764
196.5,-2.89615231711989,-21.9157612639478,19.0196089468279,0.808672978280572,-970407.573936684,-784742.382961403,-3.71205258102415,-0.592939525825471,407234.575644545
196.6,-2.77162517053859,-21.8871119557524,19.1154867852138,0.86151382713693,-1033816.59256431,-890647.289217742,-3.73116995068504,-0.681687808438702,406874.107087346
196.7,-2.63852107327304,-21.8563038714698,19.2177827981968,0.911330651462117,-1093596.78175454,-996628.267553238,-3.73607368715812,-0.766499946721674,404976.071681465
196.8,-2.49739292135578,-21.8234472968387,19.3260543754829,0.958157744251993,-1149789.29310239,-1101679.51544408,-3.72636748896885,-0.84711486976109,401528.110981701
196.9,-2.34882035406763,-21.7886606165586,19.439840262491,1.00203072697534,-1202436.87237041,-1204878.69336328,-3.70169913754036,-0.923279575960539,396523.305717733
197,-2.19340783863852,-21.7520695882054,19.5586617495668,1.04298249283423,-1251578.99140107,-1305374.97643043,-3.66176690220238,-0.99475351588953,389960.523995262
197.1,-2.03178272381673,-21.7138066009612,19.6820238771445,1.08104003277582,-1297248.03933098,-1402377.06295674,-3.60632543556493,-1.06131281993289,381844.716386976
197.2,-1.86459321107523,-21.6740099278732,19.809416716798,1.11622214694474,-1339466.57633368,-1495142.25759591,-3.53519085574986,-1.12275405043183,372187.128484389
197.3,-1.69250620312325,-21.6328229795067,19.9403167763835,1.14853797531968,-1378245.57038362,-1582967.37690172,-3.44824478000201,-1.17889720877678,361005.408480341
197.4,-1.51620500356006,-21.5903935657859,20.0741885622258,1.17798622311263,-1413583.46773515,-1665181.85021179,-3.34543715683078,-1.22958779808537,348323.595882165
197.5,-1.33638685754318,-21.5468731715831,20.2104863140399,1.20455491449676,-1445465.89739611,-1741143.05044596,-3.22678783442444,-1.27469782557851,334171.986779399
197.6,-1.15376033972852,-21.5024162503383,20.3486559106097,1.2282214860854,-1473865.78330248,-1810233.6226582,-3.09238689455009,-1.31412571859116,318586.880431661
197.7,-0.969042610975016,-21.4571795387578,20.4881369277828,1.24895303097075,-1498743.63716489,-1871860.40828521,-2.94239386650046,-1.34779521707219,301610.220552462
197.8,-0.782956578055888,-21.4113213945622,20.6283648165064,1.26670652450717,-1520047.8294086,-1925454.50307484,-2.77703600847008,-1.37565338647857,283289.151879753
197.9,-0.596227999819391,-21.3650011583964,20.768773158577,1.28142890173394,-1537714.68208072,-1970472.03623885,-2.59660589870834,-1.39766796202453,263675.517917886
198,-0.409582588202053,-21.3183785404377,20.9087959522357,1.29305690891625,-1551668.2906995,-2006395.40363526,-2.40145861203467,-1.41382428347323,242825.328758732
198.1,-0.223743152949766,-21.2716130319596,21.0478698790098,1.30151671236781,-1561820.05484137,-2032734.90308726,-2.19200876668977,-1.42412210585675,220798.228491167
198.2,-0.039426835013014,-21.2248633420973,21.1854365070843,1.30672331001312,-1568067.97201574,-2049030.97071797,-1.96872771180658,-1.42857257432591,197656.989941873
198.3,0.142657534071891,-21.1782868602901,21.320944394362,1.3085798485028,-1570295.81820336,-2054857.46388913,-1.73214108868594,-1.42719563129226,173467.060603177
198.4,0.321811920011605,-21.1320391452354,21.453851065247,1.30697699512753,-1568372.39415303,-2049826.63895109,-1.48282694297868,-1.42001808344805,148296.178007124
198.5,0.497351406198689,-21.0862734416164,21.583624847815,1.30179254443108,-1562151.05331729,-2033596.5944836,-1.22141449470232,-1.40707249898732,122214.066035545
198.6,0.668606344809493,-21.0411402262325,21.709746571042,1.29289145101013,-1551469.74121215,-2005881.96491409,-0.948583594720544,-1.38839703643467,95292.2163243495
198.7,0.834924348399245,-20.9967867853904,21.8317111337896,1.28012647106592,-1536151.7652791,-1966468.53830841,-0.665064816434132,-1.36403623168276,67603.7516581166
198.8,0.995672141670216,-20.9533568254209,21.9490289670911,1.26333956636121,-1516007.47963345,-1915232.23192047,-0.371640056570826,-1.33404269515759,39223.3616561372
198.9,1.15023730006298,-20.9109901179224,22.0612274179854,1.24236417775551,-1490837.01330661,-1852162.50020415,-0.0691434552314178,-1.29847960224497,10227.2956389285
199,1.29802990536255,-20.8698221807822,22.1678520861448,1.21702841553224,-1460434.09863868,-1777389.79705548,0.241537602112856,-1.25742380230163,-19306.6062715608
199.1,1.43848414841771,-20.8299839952059,22.2684681436236,1.18715914568161,-1424590.97481793,-1691216.20461058,0.55946166542375,-1.21096932875138,-49298.8647806537
199.2,1.57105990551625,-20.7916017579574,22.3626616634736,1.15258688135749,-1383104.25762899,-1594147.82289287,0.88363285382033,-1.15923106759864,-79668.3168565937
199.3,1.69524430846834,-20.7547966668474,22.4500409753157,1.11315132332868,-1335781.58799441,-1486927.04235406,1.21300119540779,-1.102348335346,-110332.094348348
199.4,1.8105533198355,-20.7196847363185,22.530238056154,1.06870733849898,-1282448.80619877,-1370562.45043388,1.5464638887704,-1.04048812942299,-141205.641869707
199.5,1.91653331501836,-20.6863766388731,22.6029099538915,1.01913112667732,-1222957.35201278,-1246353.90403509,1.88286764668503,-0.973847843033958,-172202.785506178
199.6,2.01276266318544,-20.6549775671784,22.6677402303639,0.964326306545173,-1157191.56785421,-1115910.27059406,2.22101221494016,-0.902657278808835,-203235.858575233
199.7,2.09885329037036,-20.6255871110585,22.7244404014289,0.904229654235062,-1085075.58508207,-981157.521117669,2.55965508450948,-0.827179847862957,-234215.885031019
199.8,2.17445220143587,-20.5982991433184,22.7727513447543,0.838816252152567,-1006579.50258308,-844335.245850334,2.89751733994352,-0.747712898345998,-265052.815641099
199.9,2.23924293372601,-20.5732017084632,22.8124446421892,0.768103849669993,-921724.619603989,-707980.228653434,3.23329051689637,-0.66458717560519,-295655.807229701
200,2.29294691453465,-20.5503769088834,22.843323823418,0.692156297233312,-830587.556679972,-574896.407759673,3.56564428284537,-0.57816547021922,-325933.531464732
200.1,2.33532469710633,-20.5299007839319,22.8652254810383,0.611085985838842,-733303.183006609,-448111.298506354,3.89323471191837,-0.488840556425822,-355794.49715366
200.2,2.3661770555173,-20.5118431784452,22.8780202339625,0.525055298256108,-630066.357907328,-330819.679472171,4.21471290054767,-0.397032558732801,-385147.368982274
200.3,2.385345926907,-20.496267598563,22.88161352547,0.43427714981363,-521132.579776354,-226315.971420299,4.52873366699986,-0.303185906648753,-413901.266134927
200.4,2.39271519933748,-20.4832310540746,22.8759462534121,0.339014758196686,-406817.709836024,-137917.207530189,4.83396409450153,-0.207766045498676,-441966.026210897
200.5,2.3882113540631,-20.4727838878329,22.860995241896,0.239580827498992,-287496.99299879,-68878.7674861222,5.12909171278466,-0.111256065341443,-469252.423126181
200.6,2.37180398111916,-20.464969593948,22.8367735750671,0.136336357058759,-163603.628470511,-22305.1227072642,5.4128321629755,-0.0141533912851521,-495672.33200047
200.7,2.34350619581837,-20.4598246273927,22.8033308232111,0.0296892875408847,-35627.1450490609,-1057.74455362237,5.68393625119329,0.0830333508797043,-521138.839044907
200.8,2.3033749900071,-20.4573782082804,22.7607531982875,-0.0799068254618377,95888.1905542051,-7662.12090646631,5.94119636154898,0.179787217018831,-545566.299816519
200.9,2.25151155499016,-20.4576521243756,22.7091636793657,-0.191953964928968,230344.757914761,-44215.5895823417,6.18345226363986,0.275585540019675,-568870.35450536
201,2.18806161233562,-20.4606605353844,22.64872214772,-0.305910551741956,367092.662090346,-112297.518800481,6.40959640746084,0.369902246093526,-590967.913798323
201.1,2.1132157840606,-20.4664097822809,22.5796255663415,-0.421192086605395,505430.503926473,-212883.328582808,6.61857884482964,0.46220994046918,-611777.132983496
201.2,2.02721002502069,-20.4748982044268,22.5021082294475,-0.537171616620893,644605.939945068,-346264.014843723,6.80941194686804,0.551981846080412,-631217.39504008
201.3,1.93032612803033,-20.48611596662,22.4164420946503,-0.653180193616249,783816.232339498,-511973.238399072,6.98117509900154,0.638693706014489,-649209.325290063
201.4,1.82289229696034,-20.5000448975645,22.3229371945249,-0.768507568311448,922209.081973736,-708724.659062369,7.13301954702814,0.721825777742614,-665674.860635695
201.5,1.70528376565898,-20.5166583406805,22.2219421063395,-0.882403425807732,1058884.11096928,-934362.967052663,7.26417354032228,0.800865053312875,-680537.395418816
201.6,1.57792342207805,-20.5359210177616,22.1138444398397,-0.99407950705537,1192895.40846644,-1185832.87961694,7.37394787297781,0.875307834350415,-693722.023540803
201.7,1.44128237861896,-20.5577889058111,21.9990712844301,-1.10271297257507,1323255.56709008,-1459171.07986241,7.4617418638408,0.944662774238105,-705155.892773953
201.8,1.29588041265956,-20.5822091274881,21.8780895401477,-1.20745134523229,1448941.61427875,-1749526.50132392,7.52704974628979,1.00845447329699,-714768.682338441
201.9,1.14228618666212,-20.609119855995,21.7514060426571,-1.30741931684803,1568903.18021763,-2051214.32408082,7.56946736349227,1.06622767779122,-722493.209026637
202,0.981117146286529,-20.6384502359212,21.6195673822077,-1.40172761975442,1682073.1437053,-2357808.38397886,7.58869899040028,1.1175520922439,-728266.160681093
202.1,0.813038988473352,-20.6701203224886,21.4831593109619,-1.48948405238504,1787380.86286204,-2662275.29077123,7.58456403574223,1.16202776927501,-732028.948953897
202.2,0.638764590247501,-20.704041042747,21.3428056329945,-1.56980661334859,1883767.93601831,-2957151.36397557,7.55700332121587,1.19929099452775,-733728.666290338
202.3,0.459052293513508,-20.7401141834676,21.1991664769811,-1.64183854911874,1970206.25894249,-3234760.5856468,7.50608459578574,1.22902053882031,-733319.125293982
202.4,0.274703451588721,-20.7782324116715,21.0529358632603,-1.70476496629589,2045717.95955507,-3487468.30837179,7.43200692418303,1.25094410792533,-730761.952349044
202.5,0.0865591595975168,-20.8182793348131,20.9048384944106,-1.75783051149952,2109396.61379942,-3707961.72859039,7.33510359279833,1.26484478460731,-726027.701899224
202.6,-0.104503887203336,-20.8601296085222,20.7556257213188,-1.80035749206699,2160428.99048039,-3889544.5190901,7.21584320399106,1.27056722971461,-719096.953397569
202.7,-0.297578436181595,-20.9036491004047,20.6060706642231,-1.83176371029982,2198116.45235977,-4026429.94844561,7.07482868059479,1.2680233908551,-709961.349917281
202.8,-0.491732619150596,-20.9486951186559,20.4569624995053,-1.85157922313115,2221895.06775737,-4114014.74343713,6.91279397360793,1.25719745972245,-698624.5359866
202.9,-0.686016757179349,-20.9951167141016,20.3090999569223,-1.85946122555131,2231353.47066157,-4149115.25919454,6.73059835375827,1.23814982331292,-685102.952577502
203,-0.879470956536135,-21.0427550637366,20.1632841072005,-1.85520629436377,2226247.55323651,-4130148.47357632,6.52921826663051,1.21101977048279,-669426.449475016
203.1,-1.07113338788543,-21.0914439428717,20.0203105549863,-1.8387593192321,2206511.18307851,-4057243.00087545,6.3097368353405,1.1760267435061,-651638.679542448
203.2,-1.26004910621044,-21.1410102916391,19.8809611854286,-1.81021858644531,2172262.30373437,-3932269.59685447,6.07333119797976,1.13346996400655,-631797.245644736
203.3,-1.44527923736361,-21.1912748798688,19.7459956425052,-1.76983665892659,2123803.99071191,-3758786.15913653,5.82125796307791,1.08372631288631,-609973.579055634
203.4,-1.62591033036816,-21.242053072262,19.6161427418939,-1.71801690151992,2061620.2818239,-3541898.48868972,5.55483714966915,1.02724640319273,-586252.537793961
203.5,-1.8010636542338,-21.293155693389,19.4920920391552,-1.65530571862155,1986366.86234585,-3288044.42652142,5.27543504485278,0.964548851278113,-560731.724130592
203.6,-1.96990420554945,-21.3443899893724,19.374485783823,-1.58238078570965,1898856.94285157,-3004714.7411797,4.98444645806849,0.896212822641981,-533520.531992718
203.7,-2.13164918961384,-21.3955606802463,19.2639114906324,-1.50003575168863,1800042.90202635,-2700128.70761288,4.68327687625534,0.822869001551584,-504738.94658935
203.8,-2.28557574408903,-21.4464710939717,19.1608953498827,-1.40916205173037,1690994.46207644,-2382885.22564432,4.37332502768121,0.745189204571759,-474516.12966018
203.9,-2.4310276903424,-21.496924370058,19.0658966797156,-1.31072859039192,1572874.3084703,-2061611.32520495,4.05596634579902,0.663874923878279,-442988.833661007
204,-2.56742112345654,-21.5467247177879,18.9793035943314,-1.20576012634748,1446912.15161697,-1744628.97874738,3.73253779017415,0.57964514295497,-410299.696323744
204.1,-2.69424868644285,-21.5956787113387,18.9014300248958,-1.09531521162878,1314378.25395454,-1439658.49539048,3.40432443199571,0.493223811369494,-376595.472822455
204.2,-2.81108241607257,-21.6435966017748,18.8325141857022,-0.980464512407226,1176557.41488867,-1153572.79210792,3.07254814972491,0.405327393531678,-342025.265810293
204.3,-2.91757509506349,-21.6902936241307,18.7727185290672,-0.86227027091191,1034724.32509429,-892212.024118197,2.73835870869997,0.316652916029292,-306738.813589141
204.4,-3.01346009592325,-21.7355912767522,18.722131180829,-0.741767567122209,890121.080546649,-660262.948361279,2.40282741937665,0.227866927550843,-270884.893536324
204.5,-3.09854975315269,-21.7793185498396,18.6807687966869,-0.619947913612249,743937.496334696,-461202.498710615,2.06694348441415,0.139595753874246,-234609.891735943
204.6,-3.17273235032574,-21.8213130808217,18.6485807304959,-0.497745576775704,597294.692130842,-297300.791039732,1.73161305690489,0.0524173784983575,-198056.580835138
204.7,-3.23596785448211,-21.8614222158049,18.6254543613228,-0.376026871523959,451232.24582875,-169675.449729715,1.39766094257161,-0.0331447908897067,-161363.136938196
204.8,-3.28828257025878,-21.8995039588488,18.6112213885901,-0.255582532344607,306699.038813528,-78386.9170076185,1.0658347897686,-0.116626095607402,-124662.413489328
204.9,-3.32976291859418,-21.9354277941241,18.60566487553,-0.137123128010892,164547.753613069,-22563.3026825895,0.736811525011661,-0.197622660983695,-88081.4763207114
205,-3.36054856847244,-21.9690753699423,18.6085268014699,-0.0212773656080569,25532.8387296688,-543.271544662717,0.411205711309746,-0.275791317699066,-51741.3901684173
205.1,-3.38082516435105,-22.000341038008,18.6195158736569,0.091406974050748,-109688.368860899,-10026.281886137,0.089579434943462,-0.350847536179813,-15757.2338140786
205.2,-3.39081689644967,-22.0291322457881,18.6383153493385,0.200459810286574,-240551.772343888,-48220.962648155,-0.227546733077941,-0.422561596716909,19761.6906155965
205.3,-3.39077915626169,-22.0553697843674,18.6645906281057,0.305483646588861,-366580.375906633,-111984.309999874,-0.539682198456565,-0.490753301786583,54711.4980685466
205.4,-3.38099150617807,-22.078987898311,18.6979963921329,0.40614700285534,-487376.403426407,-197946.46551405,-0.846354750636365,-0.555285603454734,88993.2612187442
205.5,-3.36175117100693,-22.0999342676676,18.7381830966607,0.502176848367315,-602612.218040777,-302617.904443355,-1.14709944209509,-0.616057563513522,122512.505343869
205.6,-3.33336723168354,-22.1181698751318,18.7848026434483,0.593350481266054,-712020.577519264,-422477.752342389,-1.44144844789953,-0.672997084241716,155178.711577445
205.7,-3.29615566898686,-22.1336687734238,18.837513104437,0.67948727449951,-815384.729399411,-554043.547448126,-1.7289223719013,-0.726053842102892,186904.879548048
205.8,-3.25043536905528,-22.1464177690752,18.8959824000199,0.760440666321819,-912528.799586182,-693924.008395165,-2.00902340241495,-0.77519282570465,217607.194243931
205.9,-3.19652516435141,-22.1564160390348,18.9598908746834,0.836090718942333,-1003308.8627308,-838857.228361807,-2.28123063721828,-0.82038882504112,247204.833170707
206,-3.13474194481367,-22.1636746958976,19.0289327510839,0.906337505673529,-1087605.00680823,-985737.209028614,-2.54499779900067,-0.861622145091751,275619.939103886
206.1,-3.0653998354853,-22.1682163162297,19.1028164807444,0.971095518874051,-1165314.62264886,-1131631.80813271,-2.79975345282498,-0.898875728215495,302777.771693838
206.2,-2.98881040002772,-22.170074444573,19.1812640445453,1.03028922196514,-1236347.06635816,-1273795.05707703,-3.04490372242492,-0.932133772371692,328607.038638769
206.3,-2.90528379515886,-22.169293083454,19.2640092882951,1.08384980232178,-1300619.76278614,-1409676.47279156,-3.27983738831183,-0.961381832448641,353040.39489166
206.4,-2.81513077002278,-22.1659261772759,19.3507954072532,1.13171312089269,-1358055.74507123,-1536929.50560081,-3.50393314377981,-0.986608296377571,376015.08715483
206.5,-2.71866537748031,-22.1600370955416,19.4413717180612,1.17381880132469,-1408582.56158963,-1653420.694012,-3.71656869060391,-1.00780704233752,397473.711391822
206.6,-2.61620824187849,-22.1516981185853,19.5354898767069,1.21011035778045,-1452132.42933653,-1757240.49360902,-3.91713127931783,-1.0249810134671,417365.043766746
206.7,-2.50809021047429,-22.1409899270325,19.6328997165582,1.24053622744083,-1488643.472929,-1846716.15791176,-4.10502924307142,-1.03814639615277,435644.900657729
206.8,-2.39465620371744,-22.1280010946317,19.7333448909142,1.26505155110008,-1518061.8613201,-1920426.51232887,-4.27970404145556,-1.04733705976764,452276.981354647
206.9,-2.27626907330324,-22.1128275829826,19.8365585096794,1.28362053293432,-1540344.63952118,-1977218.00708471,-4.44064232209011,-1.05260891069513,467233.647729707
207,-2.15331327644796,-22.0955722360019,19.9422589595539,1.29621920762752,-1555463.04915302,-2016221.08106702,-4.58738752245362,-1.05404383096964,480496.598378211
207.1,-2.02619818025861,-22.0763442717143,20.0501460914556,1.30283844840314,-1563406.13808376,-2036865.627165,-4.71955057027078,-1.05175290975131,492057.400132158
207.2,-1.89536082127598,-22.055258769061,20.159897947785,1.30348706173052,-1564184.47407662,-2038894.22411864,-4.83681929449885,-1.04587873065993,501917.847000504
207.3,-1.76126796202826,-22.0324361478001,20.2711681857719,1.29819483200556,-1557833.79840667,-2022371.78621514,-4.93896622646029,-1.03659654523784,510090.124958517
207.4,-1.62441730835023,-22.0080016401523,20.3835843318021,1.28701540071985,-1544418.48086382,-1987690.37002808,-5.02585454736046,-1.02411423736023,516596.77003064
207.5,-1.48533777774169,-21.9820847535226,20.4967469757809,1.27002888787476,-1524034.66544971,-1935568.05124368,-5.09744201959987,-1.00867105988138,521470.416229481
207.6,-1.34458873944231,-21.9548187243249,20.6102299848826,1.24734418701276,-1496813.02441531,-1867041.02504942,-5.1537828204664,-0.990535197971728,524753.338615659
207.7,-1.20275818032127,-21.9263399635847,20.7235817832634,1.21910088761444,-1462921.06513733,-1783448.36901878,-5.19502727404772,-0.970000278771789,526496.804594673
207.8,-1.06045978612288,-21.896787495538,20.8363277094151,1.18547079823304,-1422564.95787964,-1686409.21615592,-5.22141954738,-0.947381000325376,526760.253233799
207.9,-0.918328963976595,-21.8663023908608,20.9479734268842,1.1466590592731,-1375990.87112771,-1577792.39785567,-5.23329343770249,-0.923008091507386,525610.327645403
208,-0.777017868209519,-21.8350271964297,21.0580093282202,1.10290484472517,-1323485.8136702,-1459678.9158219,-5.23106642792964,-0.897222837318039,523119.789241796
208.1,-0.637189526198355,-21.8031053636413,21.1659158374429,1.05448165681879,-1265377.98818254,-1334317.87748075,-5.21523222669883,-0.870371410238807,519366.344931072
208.2,-0.499511193088409,-21.7706806773256,21.2711694842372,1.00169721637392,-1202036.6596487,-1204076.77594951,-5.18635203798888,-0.842799239315078,514431.419199243
208.3,-0.364647092563455,-21.7378966872008,21.3732495946373,0.944892945179185,-1133871.53421502,-1071387.21341927,-5.14504482429549,-0.814845626289602,508398.902690879
208.4,-0.233250724439138,-21.7048961436687,21.4716454192296,0.884443026245552,-1061331.63149466,-938687.360009265,-5.09197683800557,-0.786838785336982,501353.907584948
208.5,-0.10595693777157,-21.6718204395878,21.5658635018162,0.820753015153785,-984903.61818454,-808362.614260833,-5.02785069935162,-0.759091443171532,493381.558010542
208.6,0.0166260203156234,-21.6388090595042,21.6554350798198,0.754257963300221,-905109.555960264,-682686.090242156,-4.95339429745683,-0.731897093186444,484565.841196846
208.7,0.133924265317173,-21.6059990377204,21.7399233030376,0.685420004274276,-822504.005129129,-563760.698711216,-4.86934978452588,-0.705526954422317,474988.542211274
208.8,0.245405633470973,-21.573524426547,21.818930060018,0.614725350450325,-737670.420540388,-453464.707783529,-4.77646292281828,-0.680227646779912,464728.282169736
208.9,0.35058643526375,-21.5415157761396,21.8921022114034,0.542680650339858,-651216.780407828,-353402.745903948,-4.675473029849,-0.656219560592903,453859.676807101
209,0.44903741938991,-21.5100996274757,21.9591370468656,0.469808669816742,-563770.403780089,-264864.223481972,-4.56710374908572,-0.633695873273577,442452.629318042
209.1,0.54038878599399,-21.4793980202693,22.0197868062633,0.396643282533057,-475971.939039667,-188791.072294318,-4.45205485075004,-0.612822149149475,430571.768408576
209.2,0.624334117647972,-21.4495280179419,22.0738621355899,0.32372378612116,-388468.543345391,-125756.507640742,-4.33099523955349,-0.593736450813614,418276.039484786
209.3,0.700633130966878,-21.4206012521373,22.1212343831042,0.251588599459956,-301906.319351947,-75956.1880538666,-4.20455731274568,-0.576549890446589,405618.453770318
209.4,0.769113189782047,-21.3927234896651,22.1618366794472,0.180768439724167,-216922.127669,-39212.6745603715,-4.07333277242989,-0.561347556043485,392645.996807015
209.5,0.82966956090668,-21.3659942251278,22.1956637860345,0.111779122759431,-134134.947311316,-14993.4867418414,-3.93786995087091,-0.548189758172109,379399.694188718
209.6,0.882264434141842,-21.3405063028119,22.2227707369537,0.0451141727518559,-54137.0073022267,-2442.34629970114,-3.79867265722779,-0.537113555393125,365914.828479037
209.7,0.926924767610693,-21.3163455716506,22.2432703392613,-0.0187625366456034,22515.0439747241,-422.439337653135,-3.65620050019362,-0.528134528350177,352221.297095009
209.8,0.963739056111194,-21.293590577177,22.2573296332882,-0.0794238611561661,95308.6333873994,-7569.77966514475,-3.51087058546263,-0.52124878158249,338344.096589298
209.9,0.992853152366308,-21.2723122943487,22.265165446715,-0.136485922473301,163783.106967961,-22354.0884400656,-3.36306043237635,-0.516435156580218,324303.914390861
210,1.01446529741957,-21.2525739049349,22.2670392023544,-0.189613841716783,227536.610060138,-43144.0907647164,-3.21311190351872,-0.513657638402979,310117.804888111
210.1,1.02882053580866,-21.2344306228033,22.263251158612,-0.238526426453386,286231.711744063,-68273.8273399469,-3.06133589760218,-0.512867930999966,295799.923030948
210.2,1.03620470269494,-21.2179295699376,22.2541342726325,-0.28299960212273,339599.522547275,-96106.529761948,-2.90801752279662,-0.514008163717497,281362.285690518
210.3,1.03693817333956,-21.2031097053695,22.2400478787091,-0.322868428618492,387442.11434219,-125092.826638289,-2.75342144744366,-0.5170136746633,266815.529154852
210.4,1.03136956009927,-21.1900018084461,22.2213713685454,-0.358027606590584,429633.1279087,-153820.520497178,-2.59779712002563,-0.521815797602947,252169.630635046
210.5,1.0198695287902,-21.178628516987,22.1984980457772,-0.388430452780424,466116.543336508,-181053.859976646,-2.44138356168834,-0.528344560375417,237434.562733025
210.6,1.00282488557742,-21.169004419961,22.1718293055384,-0.414086405316114,496903.686379336,-205761.061281145,-2.28441346297375,-0.536531187163746,222620.852613177
210.7,0.980633058633209,-21.1611362033366,22.1417692619698,-0.435057203315535,522068.643978641,-227129.724188082,-2.12711636109734,-0.546310287045061,207740.02214834
210.8,0.953697067174801,-21.1550228467892,22.108719913964,-0.451451964510691,541742.357412827,-244570.651512674,-1.96972073344694,-0.557621609447704,192804.891468544
210.9,0.922421035946559,-21.1506558679959,22.0730769039425,-0.46342145359081,556105.744308971,-257711.332377863,-1.81245491430912,-0.570411255234938,177829.735885161
211,0.887206277776301,-21.1480196103741,22.0352258881504,-0.471151886259744,565382.263511692,-266380.919911338,-1.65554682155444,-0.584632251049512,162830.294719723
211.1,0.848447932646064,-21.1470915693508,21.9955395019968,-0.474858643933817,569830.372720579,-270588.878062395,-1.49922256377225,-0.600244424221685,147823.639648996
211.2,0.806532120898783,-21.1478427516491,21.9543748725479,-0.474780277173313,569736.332607975,-270499.573911321,-1.34370408121446,-0.617213554812241,132827.919215243
211.3,0.76183354273287,-21.15023806168,21.9120716044128,-0.471173149862163,565407.779834594,-266404.964581238,-1.18920605064492,-0.635509828016729,117862.004527738
211.4,0.714713437709332,-21.154236708977,21.8689501466863,-0.464307020754869,557168.424905842,-258697.211426715,-1.03593234953263,-0.655105661045575,102945.068282973
211.5,0.665517807883791,-21.1597926307481,21.8253104386319,-0.454461776905183,545354.132286218,-247842.608001379,-0.88407242401613,-0.675973029848115,88096.1344900661
211.6,0.614575807117522,-21.1668549240357,21.7814307311533,-0.441925429942103,530310.515930522,-234357.702755414,-0.733797933400651,-0.698080468384025,73333.6392334464
211.7,0.56219820723955,-21.1753682826851,21.7375664899246,-0.426993368751059,512392.04250127,-218788.004348853,-0.585260048334565,-0.721389952224308,58675.0431042414
211.8,0.508675868486268,-21.1852734352689,21.6939493037551,-0.409968740137715,491962.488165257,-201689.241468126,-0.438587758278595,-0.745853905076941,44136.5334239059
211.9,0.454278165843959,-21.1965075812498,21.6507857470937,-0.391163712654839,469396.455185806,-183610.860117501,-0.293887496054203,-0.771412578078952,29732.8491017471
212,0.399251352772673,-21.2090048238892,21.6082561766619,-0.370901278048835,445081.533658601,-165081.30966991,-0.151244314520091,-0.797992045122352,15477.2531475531
212.1,0.343816877017971,-21.222696599625,21.5665134766429,-0.349517168831412,419420.602597694,-146594.701569511,-0.0107247559746793,-0.825503032141221,1381.66793222001
212.2,0.288169697199258,-21.237512104728,21.5256818019273,-0.327361426609047,392833.711930856,-128598.604357812,0.127618556355909,-0.853840754711194,-12543.0231435073
212.3,0.232476680820223,-21.2533787208874,21.4858554017077,-0.304799148915794,365758.978698952,-111483.025415751,0.263740696978089,-0.882885878549891,-26286.5161101632
212.4,0.176875191538084,-21.2702224418625,21.4470976334005,-0.282209974540195,338651.969448233,-95570.9636759728,0.397596803534494,-0.912506645043302,-39838.4896963749
212.5,0.121471993459199,-21.2879683033887,21.4094402968479,-0.259985937978631,311983.125574357,-81111.2255359543,0.529133364396355,-0.942562123470035,-53187.9033009833
212.6,0.0663426108398966,-21.3065408180888,21.3728834289287,-0.238527429156553,286232.914987863,-68274.4013520414,0.658278868791878,-0.972906468764464,-66322.231060899
212.7,0.0115312814094786,-21.3258644161873,21.3373956975968,-0.218237128861859,261884.55463423,-57152.9332966408,0.78493434275761,-1.00339398454605,-79226.6804415956
212.8,-0.0429483701209676,-21.3458638914091,21.3029155212881,-0.199511945172645,239414.334207174,-47766.019519887,0.908964348165038,-1.03388472184811,-91883.4477928899
212.9,-0.0971118348450375,-21.3664648496074,21.2693530147624,-0.182733141524637,219279.769829563,-40069.6812137553,1.03018904160392,-1.06425029011982,-104271.06394323
213,-0.151001328714415,-21.3875941555586,21.2365928268442,-0.168255011687952,201906.014025542,-33971.6987497355,1.14837787156292,-1.09437952330447,-116363.880020709
213.1,-0.204682480007619,-21.4091803711169,21.2044978911093,-0.156392608860336,187671.130632402,-29350.3777273703,1.26324543510545,-1.12418363340242,-128131.737406382
213.2,-0.258240115748716,-21.4311541757507,21.172914060002,-0.147409163367288,176890.996040745,-26075.3537335725,1.37444992070265,-1.1536004985243,-139539.856405985
213.3,-0.311773219164774,-21.4534487585786,21.1416755394138,-0.141503914879937,169804.697855924,-24028.0295116181,1.48159443637602,-1.18259777180122,-150548.966448966
213.4,-0.365389181593027,-21.4760001696073,21.1106109880142,-0.138801131052225,166561.357262669,-23118.9047776522,1.58423136872808,-1.21117455955198,-161115.687143683
213.5,-0.41919751982417,-21.4987476171408,21.0795500973166,-0.139341078061115,167209.293673337,-23299.1232422803,1.68186974796613,-1.23936149798497,-171193.155209857
213.6,-0.473303270331098,-21.5216336984353,21.0483304281042,-0.143073646232909,171688.37547949,-24564.0818956555,1.77398541752952,-1.2672191521497,-180731.878103881
213.7,-0.527800302229622,-21.5446045517299,21.0168042495003,-0.149855216547145,179826.259856574,-26947.90311167,1.86003363626815,-1.2948347624994,-189680.781966681
213.8,-0.582764808842796,-21.5676099198136,20.9848451109708,-0.159449186840339,191339.024208406,-30508.8518208541,1.93946358823273,-1.32231746634701,-197988.410196329
213.9,-0.638249241925053,-21.590603118254,20.952353876329,-0.171530370231591,205836.444277908,-35307.2014941438,2.01173415109401,-1.34979221669774,-205604.220181311
214,-0.694276942433248,-21.613540905173,20.9192639627398,-0.185693247109811,222831.896531772,-41378.3784266222,2.07633018824807,-1.37739270288997,-212479.920046402
214.1,-0.750837697690137,-21.6363832538,20.8855455561099,-0.201463813514619,241756.576217542,-48705.2017870238,2.13277858835693,-1.40525364058693,-218570.784970279
214.2,-0.807884418304106,-21.6590930336918,20.8512086153877,-0.218314541983411,261977.450380093,-57193.4870897118,2.18066328268467,-1.43350283869265,-223836.893814344
214.3,-0.865331081540511,-21.6816356111557,20.8163045296152,-0.235681774596476,282818.129515771,-66655.078652333,2.21963852474452,-1.46225346511482,-228244.231312905
214.4,-0.923052033870061,-21.7039783837265,20.7809263498564,-0.252984718292253,303581.661950703,-76801.5212272925,2.24943981446012,-1.49159692116426,-231765.608564957
214.5,-0.98088268742632,-21.7260902672093,20.7452075797829,-0.269645121586771,323574.145904124,-87250.1899146531,2.26989198296728,-1.52159669679919,-234381.364508485
214.6,-1.03862158649763,-21.7479411565428,20.7093195700451,-0.285106686090016,342128.023308019,-97542.986943877,2.28091411442674,-1.55228351865628,-236079.822782367
214.7,-1.0960337642453,-21.7695013833609,20.6734676191156,-0.298853305904212,358623.967085054,-107175.958139852,2.28252115615726,-1.583652024132,-236857.491131093
214.8,-1.15285525951293,-21.7907411935211,20.6378859340082,-0.310425327219649,372510.392663578,-115636.660535311,2.27482224573005,-1.61565910314757,-236719.003486596
214.9,-1.20879862126502,-21.8116302670075,20.6028316457425,-0.319433168026144,383319.801631371,-122445.058602262,2.25801595146725,-1.64822395089576,-235676.817285841
215,-1.26355919559551,-21.83213730058,20.5685781049845,-0.325567818867213,390681.382640655,-127193.285618345,2.23238277046734,-1.6812297764196,-233750.689731487
215.1,-1.31682196837426,-21.8522296704816,20.5354077021073,-0.328607943065185,394329.531678222,-129579.816294638,2.19827534734569,-1.7145270197878,-230966.96596286
215.2,-1.3682687257185,-21.871873188664,20.5036044629455,-0.328423491920777,394108.190304932,-129434.388054524,2.15610696145176,-1.74793785081906,-227357.71900717
215.3,-1.41758529416985,-21.8910319616111,20.4734466674412,-0.32497593189019,389971.118268227,-126731.227569477,2.10633887738533,-1.78126165971576,-222959.785628811
215.4,-1.46446863173488,-21.9096683562166,20.4451997244817,-0.318315334662757,381978.401595307,-121589.582737755,2.04946716301027,-1.81428120824373,-217813.743676307
215.5,-1.50863355836725,-21.927743072598,20.4191095142308,-0.308574699400215,370289.639280257,-114262.014131919,1.98600955328374,-1.84676909135582,-211962.875318408
215.6,-1.54981893829905,-21.9452153194499,20.3953963811509,-0.29596195544753,355154.346537035,-105112.174886791,1.91649288171171,-1.87849416385134,-205452.156917074
215.7,-1.58779315499405,-21.962043083778,20.3742499287839,-0.280750133953771,336900.160744524,-94584.7652580719,1.84144152040882,-1.90922761357038,-198327.310614056
215.8,-1.62235875053438,-21.9781834837659,20.3558247332315,-0.263266201871922,315919.442246306,-83170.9116576809,1.76136717198797,-1.93874840895818,-190633.945539878
215.9,-1.65335613323848,-21.9935931911993,20.3402370579608,-0.243879028125781,292654.833750937,-71372.3764314905,1.67676024974762,-1.96684791048014,-182416.808499653
216,-1.68066628876456,-22.0082289083454,20.3275626195809,-0.222986907281849,267584.288738218,-59667.7929829483,1.58808297472782,-1.99333350719172,-173719.155693236
216.1,-1.70421245971292,-22.022047883428,20.3178354237151,-0.201005009332188,241206.011198625,-48483.6165319594,1.49576421647332,-2.01803121602204,-164582.249116537
216.2,-1.72396078599209,-22.0350084487762,20.3110476627841,-0.178353063305399,214023.675966478,-38171.7782285034,1.40019601506754,-2.0407872560997,-155044.974332055
216.3,-1.73991992250244,-22.0470705662441,20.3071506437417,-0.155443524395132,186532.229274158,-28995.227131656,1.30173165011432,-2.06146867810239,-145143.570750676
216.4,-1.75213967189009,-22.0581963654697,20.3060566935796,-0.132670424500206,159204.509400246,-21121.7298444777,1.20068507114468,-2.0799631842382,-134911.461754582
216.5,-1.76070868838287,-22.0683506618145,20.3076419734316,-0.110399067911881,132478.881494257,-14625.5450349745,1.09733147492854,-2.09617831424817,-124379.170071429
216.6,-1.76575132438496,-22.0775014422788,20.3117501178938,-0.0889567086976518,106748.050437182,-9495.95522678265,0.991908808076126,-2.11004019432694,-113574.303768677
216.7,-1.76742370504173,-22.0856203091932,20.3181966041514,-0.0686243334812063,82349.2001774473,-5651.15897488776,0.884619986086543,-2.12149204822185,-102521.599891528
216.8,-1.76590912787802,-22.0926828729648,20.3267737450868,-0.049629670466676,59555.6045600111,-2955.72502875702,0.775635649090646,-2.13049265373785,-91243.0157847658
216.9,-1.76141289529523,-22.0986690865539,20.3372561912587,-0.0321415490604001,38569.8588724799,-1239.69501120252,0.665097315192071,-2.13701489573014,-79757.8620644635
217,-1.75415669749117,-22.1035635156429,20.3494068181517,-0.0162657398457755,19518.8878149306,-317.489151276537,0.553120839005929,-2.14104452202663,-68082.9755067543
217.1,-1.74437267237645,-22.1073555396608,20.3629828672843,-0.00204240721150146,2450.88865380185,-5.005712661112,0.439800129903173,-2.14257915622501,-56232.9342326313
217.2,-1.7322972772333,-22.110039479963,20.3777422027297,0.0105546979113369,-12665.6374936041,-133.681977599493,0.325211125977931,-2.1416275662176,-44220.3209436775
217.3,-1.71816511392757,-22.1116146526055,20.3934495386779,0.0216171938167872,-25940.6325801447,-560.763682215052,0.209416050963739,-2.1382091350479,-32056.0421253212
217.4,-1.70220285498915,-22.1120853443422,20.4098824893531,0.031299090932809,-37558.9091193708,-1175.5597118643,0.0924679984810042,-2.13235343644462,-19749.7117156541
217.5,-1.68462342122777,-22.1114607117803,20.4268372905525,0.0398118457960094,-47774.2149552112,-1901.97967882227,-0.0255841111595161,-2.1240997855344,-7310.1065205567
217.6,-1.66562056207581,-22.1097546050848,20.444134043009,0.0474174702490518,-56900.9642988621,-2698.09978178365,-0.144690172410139,-2.11349661911329,5254.30240746623
217.7,-1.64536398686262,-22.1069853192562,20.4616213323935,0.054419793149354,-65303.7517792247,-3553.81666370217,-0.264793136746981,-2.10060056137182,17934.7429853036
217.8,-1.62399518810613,-22.103175277806,20.4791800896999,0.0611540541846339,-73384.8650215605,-4487.78201186056,-0.385822902911162,-2.08547505045354,30721.4666483447
217.9,-1.60162408618067,-22.0983506555861,20.4967265694055,0.0679750956593477,-81570.1147912169,-5544.73635587694,-0.507689955627478,-2.06818843739351,43603.0180899454
218,-1.57832660811814,-22.0925409495223,20.5142143414041,0.0752445019955499,-90293.4023946597,-6794.08209666996,-0.630278910159334,-2.04881151900509,56565.4715209031
218.1,-1.55414329182595,-22.0857785079661,20.5316352161401,0.0833171112031906,-99980.5334438284,-8330.08922309377,-0.753442174793119,-2.0274145260125,69591.6619416352
218.2,-1.52907898096601,-22.0780980311915,20.5490190502255,0.0925273807522988,-111032.856902758,-10273.579426657,-0.876993990298319,-2.00406365201538,82660.4460874515
218.3,-1.50310364576031,-22.0695360570925,20.5664324113322,0.10317612589344,-123811.351072128,-12774.3755452547,-1.00070513943822,-1.9788172719916,95746.0322276401
218.4,-1.47615433199993,-22.0601304472555,20.5839761152555,0.11551815675877,-138621.788110523,-16013.3334491324,-1.1242986365151,-1.95172205514874,108817.420311163
218.5,-1.44813820572735,-22.0499198891525,20.6017816834252,0.129751318871298,-155701.582645557,-20202.4856986094,-1.24744670381476,-1.92280922054985,121837.993637682
218.6,-1.41893662582603,-22.0389434301324,20.6200068043064,0.14600738987811,-175208.867853732,-25581.7894788221,-1.36976931726201,-1.89209121042959,134765.300059654
218.7,-1.38841014257987,-22.0272400580992,20.6388299155194,0.164345206001664,-197214.247201996,-32411.2160828751,-1.49083455779507,-1.85955906209918,147551.054670099
218.8,-1.35640428866632,-22.0148483422504,20.658444053584,0.184746290023963,-221695.548028755,-40957.4300131417,-1.61016093964813,-1.82518074299522,160141.387206977
218.9,-1.32275600143035,-22.0018061450115,20.6790501435811,0.207113135803612,-248535.762964334,-51475.0212268865,-1.72722180504657,-1.78890067471116,172477.346432587
219,-1.28730049288108,-21.9881504134535,20.7008499205724,0.231270180910999,-277524.217093198,-64183.0758943274,-1.84145178110522,-1.75064061253743,184495.661141167
219.1,-1.24987836762251,-21.9739170551306,20.7240386875081,0.256967377876631,-308360.853451956,-79238.6799513491,-1.95225519422421,-1.71030197064523,196129.743976532
219.2,-1.21034277953045,-21.9591408996265,20.748798120096,0.283886164133264,-340663.396959916,-96709.6250235579,-2.05901623583914,-1.66776959460095,207310.910765905
219.3,-1.16856641573636,-21.943855743346,20.7752893276097,0.311647537911735,-373977.045494081,-116549.025463735,-2.16111057709855,-1.6229168885593,217969.77548895
219.4,-1.12444810136915,-21.9280944714675,20.8036463700983,0.339821876967013,-407786.252360415,-138574.689678461,-2.25791804491237,-1.57561211109911,228037.770159326
219.5,-1.07791883022823,-21.9118892476883,20.8339704174601,0.367940091491757,-441528.109790108,-162455.893112355,-2.3488359033988,-1.52572556822935,237448.730556072
219.6,-1.02894704455399,-21.8952717596574,20.8663247151034,0.395505681913991,-474606.818296788,-187709.6933115,-2.43329223781905,-1.4731373611965,246140.483502618
219.7,-0.977543010564151,-21.8782735059234,20.9007304953593,0.422007274322271,-506408.729186725,-213708.167497095,-2.51075891628321,-1.41774529602212,254056.369648644
219.8,-0.923762164527197,-21.860926108947,20.9371639444198,0.446931227242437,-536317.472690923,-239697.026261316,-2.58076361008896,-1.3594725354522,261146.637629835
219.9,-0.867707335841263,-21.8432616382519,20.9755543024107,0.469773938673108,-563728.726407728,-264825.064147733,-2.6429003871469,-1.29827457471202,267369.650985086
220,-0.80952978780493,-21.8253129280994,21.0157831402945,0.490053526681863,-588064.232018235,-288182.950815997,-2.69683845343103,-1.2341451506681,272692.857985612
220.1,-0.74942905239838,-21.8071138750796,21.0576848226812,0.507320605853939,-608784.727024726,-308849.036548809,-2.74232870187167,-1.16712074820254,277093.48604786
220.2,-0.687651571306663,-21.7886997026086,21.1010481313019,0.521167931716127,-625401.518059351,-325939.215659118,-2.77920783202871,-1.09728344437439,280558.935958625
220.3,-0.624488190475024,-21.7701071813409,21.1456189908659,0.531238733327908,-637486.479993488,-338657.510145408,-2.80739992127707,-1.024761925167,283086.865907226
220.4,-0.560270588559014,-21.7513747968081,21.1911042082491,0.537233599164961,-644680.318997952,-346343.928086085,-2.82691545210529,-0.949730614900341,284684.970398592
220.5,-0.495366749620999,-21.7325428580188,21.2371761083978,0.538915822944676,-646698.98753361,-348516.317064164,-2.83784792291019,-0.872406967518421,285370.473608567
220.6,-0.430175616296232,-21.7136535431712,21.283477926875,0.536115154708778,-643338.185650532,-344903.350930099,-2.84036828379136,-0.793047074487159,285169.369788394
220.7,-0.365121080477088,-21.6947508809265,21.3296298004494,0.528729939280842,-634475.927137008,-335466.418430306,-2.83471753727131,-0.711939838806137,284115.454188312
220.8,-0.300645483575202,-21.6758806677975,21.3752351842222,0.516727660201653,-620073.192241983,-320408.96978097,-2.82119792062338,-0.629400042340344,282249.196066081
220.9,-0.237202807059283,-21.6570903240667,21.4198875170074,0.500143943153387,-600172.731784063,-300172.756647622,-2.80016313712254,-0.545760689305279,279616.510281808
221,-0.175251735932992,-21.6384286922422,21.4631769563092,0.47908010889415,-574896.130672979,-275421.300885637,-2.77200812542088,-0.461365038933302,276267.485574593
221.1,-0.115248773113073,-21.6199457833812,21.5046970102682,0.453699401331146,-544439.281597374,-247011.776121888,-2.73715884877555,-0.376558743621429,272255.125905939
221.2,-0.0576415716083254,-21.60169247767,21.5440509060617,0.424222050385358,-509066.460462429,-215957.217639788,-2.6960625504265,-0.291682485659114,267634.156484108
221.3,-0.00286263461769565,-21.5837201864578,21.5808575518401,0.390919360033109,-469103.23203973,-183381.535258434,-2.64917886130443,-0.207065458263795,262459.938681582
221.4,0.0486764879217816,-21.5660804835173,21.6147569714391,0.354107037341899,-424928.444810278,-150470.152674068,-2.5969720662957,-0.123019969053399,256787.528601664
221.5,0.0965904030414855,-21.5488247136597,21.6454151167012,0.31413799642854,-376965.595714247,-118419.216960164,-2.53990474151273,-0.0398373614991949,250670.903221215
221.6,0.140524402964253,-21.5320035869752,21.6725279899395,0.271394880313526,-325673.856376231,-88386.2172724716,-2.47843287412098,0.0422146415565257,244162.366569373
221.7,0.180158270573351,-21.5156667669179,21.6958250374912,0.226282542416104,-271539.050899324,-61444.546802755,-2.41300247513224,0.122893162053516,237312.137034092
221.8,0.21520934282232,-21.4998624601968,21.7150718030191,0.17922071743733,-215064.860924795,-38544.0786705013,-2.34404760074235,0.201980038033185,230168.106310002
221.9,0.245434838920321,-21.4846370160048,21.7300718549252,0.130637088936705,-156764.506724046,-20479.2588070279,-2.27198961504899,0.279280501453801,222775.751312842
222,0.270633483282875,-21.4700345415028,21.7406680247857,0.0809609291620882,-97153.1149945058,-7865.60646094639,-2.19723746097475,0.354620886824709,215178.173063371
222.1,0.290646472479999,-21.4560965397161,21.7467430121961,0.0306174475114856,-36740.9370137825,-1124.91371054228,-2.12018866019506,0.427845641495142,207416.231414388
222.2,0.305357850088306,-21.4428615751066,21.748219425195,-0.0199770601765427,23972.4722118512,-478.899519956649,-2.04123073855205,0.498813934292146,199528.74172448
222.3,0.314694363106121,-21.4303649710957,21.7450593342018,-0.0704192157046018,84503.0588455224,-5950.6391285415,-1.96074277100244,0.567396163792651,191552.699176522
222.4,0.31862487836959,-21.418638542766,21.7372634211355,-0.120321715888995,144386.059066793,-17372.7783773663,-1.87909675832982,0.633470651742015,183523.498252283
222.5,0.317159437448776,-21.4077103669072,21.724869804356,-0.16931568541488,203178.822497855,-34401.3615930125,-1.79665858411761,0.696920773272277,175475.118631334
222.6,0.310348024294683,-21.3976045905383,21.707952614833,-0.217052303773741,260462.764528489,-56534.0430881859,-1.71378835130106,0.75763272703477,167440.254104647
222.7,0.298279112147565,-21.3883412780704,21.686620390218,-0.263203813520928,315844.576225113,-83131.496942351,-1.63083995877839,0.815494089367517,159450.367532857
222.8,0.281078045749972,-21.3799362964253,21.6610143421753,-0.307464036685601,368956.844022721,-113440.960626006,-1.54815984548521,0.870393231852902,151535.661952371
222.9,0.258905302672076,-21.3724012367046,21.6313065393767,-0.349548536126408,419458.243351688,-146621.014929737,-1.46608489741067,0.922219615863795,143724.965154346
223,0.231954664516756,-21.3657433704555,21.5976980349723,-0.38919455903984,467033.470847808,-181766.885743459,-1.38493957790547,0.970864915465618,136045.531976166
223.1,0.200451315863887,-21.3599656382,21.5604169540639,-0.426160891397004,511393.069676404,-217935.726427547,-1.30503239946515,1.0162248652887,128522.774752655
223.2,0.164649876891588,-21.355066667692,21.5197165445835,-0.460227736025676,552273.28323081,-254171.482808783,-1.22665190284025,1.05820168584696,121179.93755055
223.3,0.124832365406807,-21.3510408193293,21.4758731847361,-0.49119670497247,589436.045966962,-289529.043570973,-1.15006234454844,1.09670690741292,114037.733719474
223.4,0.0813060761026811,-21.3478782562568,21.4291843323595,-0.518890990524841,622669.188629807,-323097.43205742,-1.07549931527707,1.13166439606281,107113.968795041
223.5,0.0344013596293351,-21.3455650369187,21.3799663965481,-0.543155750801159,651786.900961389,-354021.803554044,-1.00316551882065,1.1630133819242,100423.171838151
223.6,-0.0155307182748139,-21.3440832281322,21.3285525098574,-0.563858717062572,676630.460475084,-381523.983368938,-0.933226934521097,1.19071129907118,93976.2579295121
223.7,-0.0681208567760763,-21.3434110371047,21.2752901803286,-0.580891002661839,697069.203194205,-404921.228368171,-0.865809566861779,1.21473626718494,87780.2428763752
223.8,-0.122984154933313,-21.3435229611853,21.220538806252,-0.594168069396625,713001.683275949,-423642.833628615,-0.800996955741197,1.23508907468877,81838.0284071974
223.9,-0.179722911811414,-21.3443899544756,21.1646670426641,-0.603630787261523,724356.944713826,-437244.152795958,-0.738828582326105,1.25179455885397,76148.2724521155
224,-0.237929594143885,-21.3459796107042,21.1080500165603,-0.60924650914102,731095.810969223,-445417.570680622,-0.679299260871253,1.2649023174974,70705.3547835281
224.1,-0.297189964852361,-21.3482563619674,21.051066397115,-0.611010073439466,733212.088127357,-447999.9718134,-0.622359559242407,1.27448672657677,65499.4435846126
224.2,-0.357086355836049,-21.3511816930286,20.9940953371925,-0.608944645219199,730733.574263038,-444976.297129363,-0.567917242810597,1.28064627574068,60516.6636848282
224.3,-0.417201058432958,-21.3547143708644,20.9375133124315,-0.603102309971939,723722.771966325,-436478.875552185,-0.515839690445747,1.28350226764068,55739.3624966389
224.4,-0.4771197954828,-21.3588106890199,20.8816908935371,-0.593564343208116,712277.211849737,-422782.355433697,-0.465957189781662,1.28319695502042,51146.4653292762
224.5,-0.536435230606131,-21.3634247261255,20.8269894955194,-0.580441092855303,696529.311426362,-404294.234730069,-0.41806698362358,1.27989121128702,46713.9079351137
224.6,-0.59475046369786,-21.368508617636,20.7737581539381,-0.563871429024845,676645.714829812,-381541.186164624,-0.37193791175458,1.27376184501994,42415.1310186737
224.7,-0.65168245715752,-21.3740128395047,20.7223303823472,-0.544021735894731,652826.083073676,-355151.578951099,-0.327315473428574,1.26499867675506,38221.6191261682
224.8,-0.706865335358938,-21.379886502142,20.673021166783,-0.521084442048941,625301.330458727,-325834.794894546,-0.283927126007153,1.25380149787199,34103.4649146212
224.9,-0.759953500474239,-21.3860776526421,20.6261241521679,-0.495276107391255,594331.328869505,-294358.107063161,-0.241487634551719,1.24037702727514,30029.9393149762
225,-0.810624511034913,-21.3925335829421,20.5819090719072,-0.466835105566439,560202.126679726,-261522.018947073,-0.199704295365284,1.22493597272816,25970.0485557904
225.1,-0.858581675409173,-21.3992011413135,20.5406194659043,-0.43601895964778,523222.751577335,-228135.039806799,-0.158281872784237,1.2076902911713,21893.0603685425
225.2,-0.903556320425015,-21.4060270444148,20.5024707239898,-0.403101404817284,483721.685780739,-194988.891078801,-0.116927111951954,1.1888507270807,17768.9838816573
225.3,-0.945309705263952,-21.4129581870579,20.467648481794,-0.36836926417073,442043.117004875,-162835.097742822,-0.0753527196294839,1.16862469077915,13568.9906232249
225.4,-0.983634561968163,-21.4199419468705,20.4363073849023,-0.33211923208379,398543.078500546,-132363.821183911,-0.0332807388949821,1.14721452030669,9265.76755511188
225.5,-1.01835625582999,-21.4269264811746,20.4085702253446,-0.294654663382391,353585.596058868,-104185.644783588,0.00955471970831079,1.12481615159781,4833.79698768922
225.6,-1.0493335708948,-21.4338610136299,20.3845274427351,-0.256282465604671,307538.958725604,-78816.8426116909,0.0534053900626099,1.10161820276904,249.562383855273
225.7,-1.07645913710715,-21.4406961085001,20.3642369713929,-0.217310185778659,260772.22293439,-56668.4602117863,0.0985073674331317,1.0778014597044,-4508.31675664809
225.8,-1.09965952558017,-21.4473839307743,20.3477244051941,-0.178043372355485,213652.046826582,-38039.3309276567,0.145080157334928,1.05353873222737,-9459.01375816931
225.9,-1.1188950464343,-21.4538784907811,20.3349834443468,-0.138783277376204,166539.932851444,-23112.9576951364,0.193326152013053,1.02899503338911,-14619.4766403739
226,-1.13415928909379,-21.4601358723619,20.3259765832681,-0.0998249439559493,119789.932747139,-11958.0233229701,0.243430404870045,1.00432801927789,-20004.4493427103
226.1,-1.14547844743518,-21.4661144440921,20.3206359966569,-0.0614557003355999,73746.8404027199,-4532.16372448687,0.295560555169904,0.979688613848198,-25626.5165558009
226.2,-1.15291047151063,-21.4717750534381,20.3188645819275,-0.0239540549643689,28744.8659572426,-688.556099083205,0.3498667460979,0.955221733248996,-31496.1553174119
226.3,-1.15654408366913,-21.4770812041002,20.320537120431,0.0124110414628548,-14893.2497554259,-184.840740231243,0.406481379845386,0.931067017716451,-37621.7765413749
226.4,-1.15649768993866,-21.4819992171001,20.3255015271615,0.0473806298743672,-56856.7558492406,-2693.90890475014,0.465518564493605,0.907359476997774,-44009.7408203994
226.5,-1.15291820789815,-21.4864983764227,20.3335801685246,0.0807059627182361,-96847.1552618833,-7816.14290193277,0.527073129253727,0.884229958109809,-50664.3351656576
226.6,-1.14597982056186,-21.4905510601913,20.3445712396294,0.112148623796381,-134578.348555657,-15092.7765833066,0.591219116645809,0.861805352451748,-57587.7007317405
226.7,-1.13588265281437,-21.4941328584524,20.358250205638,0.141480680250717,-169776.81630086,-24020.1394610466,0.658007701370154,0.84020847305975,-64779.7058653052
226.8,-1.12285135361807,-21.4972226786495,20.3743713250314,0.168485009802323,-202182.011762787,-34064.6382337066,0.727464534161405,0.819557551939742,-72237.7637797345
226.9,-1.10713355461551,-21.4998028397666,20.3926692851511,0.192955948104247,-231547.137725096,-44678.3974905707,0.799586562384381,0.799965331368865,-79956.5995065651
227,-1.08899816494946,-21.5018591559262,20.4128609909767,0.214700392371289,-257640.470845546,-55315.5101812622,0.874338434523836,0.781537750817912,-87927.9761725316
227.1,-1.06873345417129,-21.5033810099121,20.4346475557408,0.233539477486169,-280247.372983402,-65448.8250534153,0.951648649596568,0.764372261313056,-96140.3957391755
227.2,-1.04664487093684,-21.5043614166666,20.4577165457298,0.249310909388514,-299173.091266216,-74587.1154481531,1.03140566118808,0.748555829875762,-104578.793759117
227.3,-1.02305254554173,-21.5047970762783,20.4817445307365,0.261871998320503,-314246.397984604,-82292.3322052483,1.11345418559107,0.734162726160754,-113224.251112618
227.4,-0.998288429712098,-21.5046884153505,20.5063999856384,0.271103382848632,-325324.059418358,-88196.4530303662,1.19759199095303,0.721252209449359,-122053.747803148
227.5,-0.972693037616303,-21.5040396149366,20.5313465773203,0.276913376787645,-332296.052145174,-92017.2218927235,1.28356745650034,0.709866254694747,-131039.984497731
227.6,-0.946611767621434,-21.5028586224795,20.5562468548581,0.279242808355203,-335091.370026243,-93571.8552217205,1.37107818564991,0.700027469520796,-140151.296475685
227.7,-0.920390804343736,-21.5011571444465,20.5807663401027,0.278070157988197,-333684.189585835,-92787.6153162967,1.45977093300843,0.691737358494852,-149351.681982101
227.8,-0.894372624137745,-21.498950615656,20.6045779915182,0.273416742762927,-328100.091315512,-89708.0582677062,1.54924306292784,0.684975085700378,-158600.962764649
227.9,-0.868891153120995,-21.4962581407161,20.6273669875951,0.265351646136115,-318421.975363337,-84493.7953285748,1.63904569774147,0.679696871336628,-167855.08900622
228,-0.844266653671319,-21.4931024026071,20.6488357489357,0.253996056610479,-304795.267932574,-77416.7961284081,1.72868863962821,0.675836133171463,-177066.594249341
228.1,-0.820800441431359,-21.4895095333075,20.6687090918761,0.239526662340058,-287431.994808069,-68847.6263661218,1.81764706500474,0.673304450273006,-186185.198615434
228.2,-0.798769558517701,-21.4855089415543,20.6867393830366,0.222177754131362,-266613.304957634,-59235.5453170269,1.90536989916869,0.671993386295842,-195158.551077872
228.3,-0.778421548229346,-21.481133093386,20.7027115451567,0.202241718899233,-242690.062679079,-49082.0554359794,1.99128968704471,0.671777164988827,-203933.094198237
228.4,-0.759969490626965,-21.4764172420802,20.7164477514532,0.180067659768716,-216081.191722459,-38909.2345134985,2.07483368907278,0.672516144201867,-212455.028015944
228.5,-0.743587465743442,-21.4713991054614,20.727811639718,0.156057956023069,-187269.547227682,-29224.9027657176,2.15543585518337,0.674060989375115,-220671.344087431
228.6,-0.72940661109746,-21.4661184902908,20.7367118791933,0.130662672247752,-156795.206697302,-20487.2807027081,2.23254926954732,0.676257406165252,-228530.896330419
228.7,-0.717511932265058,-21.4606168654971,20.7431049332321,0.104371835659909,-125246.202791891,-13072.1760948228,2.30565861854899,0.67895125715368,-235985.47258101
228.8,-0.707940009636719,-21.4549368882723,20.7469968786356,0.0777057165789884,-93246.8598947859,-7245.81406686487,2.3742922170887,0.681993861736554,-242990.82975455
228.9,-0.70067772172769,-21.4491218894093,20.7484441676816,0.0512033612181284,-61444.0334617539,-3146.14104004095,2.43803313521577,0.685247262993422,-249507.656245487
229,-0.695662076509524,-21.4432153265751,20.7475532500655,0.025409730231772,-30491.6762781261,-774.785268541706,2.49652899790326,0.688589241559953,-255502.427631635
229.1,-0.692781208525595,-21.4372602163289,20.7444790078033,0.000861883158534148,-1034.25979024117,-0.891411094757925,2.54950008354008,0.691917864528665,-260948.125693311
229.2,-0.691876562618649,-21.4312985574868,20.7394219948682,-0.0219252881473786,26310.3457768541,-576.861912414692,2.59674541800775,0.695155376646379,-265824.795966736
229.3,-0.692746246642262,-21.425370759759,20.7326245131168,-0.0424732390129951,50967.8868155941,-2164.77123870601,2.63814664642523,0.698251270329867,-270119.925213191
229.4,-0.695149497274574,-21.419515092365,20.7243655950904,-0.0603533211322991,72423.9853587589,-4371.0280460381,2.6736695584037,0.701184408426504,-273828.626953885
229.5,-0.698812166638728,-21.4137671674829,20.7149550008441,-0.0751991823122322,90239.0187746785,-6785.90042451399,2.70336323923551,0.703964116871385,-276953.630236218
229.6,-0.703433104315383,-21.408159472908,20.7047263685926,-0.086717548211367,104061.05785364,-9023.91980134889,2.72735691325392,0.706630210797492,-279505.073712514
229.7,-0.708691280718664,-21.4027209671853,20.6940296864666,-0.094696989873247,113636.387847896,-10761.0238692646,2.74585463159038,0.709251964484279,-281500.113611624
229.8,-0.714253474616292,-21.3974767488059,20.6832232741896,-0.0990143691602148,118817.242992257,-11764.6143602343,2.75912803056266,0.711926080101329,-282962.360001
229.9,-0.719782330421005,-21.3924478089018,20.6726654784808,-0.0996387519938164,119566.502392579,-11913.4570786623,2.76750744592339,0.714773750093317,-283921.160667254
230,-0.724944580075007,-21.3876508743449,20.6627062942699,-0.096632680256414,115959.216307696,-11205.449872246,2.7713717104203,0.717936941251368,-284410.755851222
230.1,-0.729419219931508,-21.3830983453864,20.6536791254548,-0.0901507916034121,108180.949924094,-9752.59827206617,2.77113698707897,0.721574053553669,-284469.329894004
230.2,-0.732905434810622,-21.3787983290816,20.645892894271,-0.0804358676229587,96523.0411475502,-7763.91456030974,2.76724499900369,0.725855122881928,-284137.987585008
230.3,-0.735130068987857,-21.3747547668639,20.639624697876,-0.0678124713771388,81374.9656525663,-5518.23752913031,2.76015100998961,0.730956743525895,-283459.683712433
230.4,-0.735854456741286,-21.3709676518676,20.6351131951263,-0.052678403298133,63214.0839577594,-3330.01700884889,2.7503118912832,0.73705688439984,-282478.134108585
230.5,-0.734880442625016,-21.3674333290551,20.6325528864301,-0.0354942588367197,42593.1106040634,-1511.81089244166,2.7381745813225,0.744329763098386,-281236.73549748
230.6,-0.732055443188283,-21.3641448689448,20.6320894257565,-0.016771412308794,20125.6947705527,-337.536324997879,2.72416521031562,0.752940925751897,-279777.519848481
230.7,-0.727276426735585,-21.3610925038267,20.6338160770911,0.00294122007614343,-3529.46409137201,-10.3809306435707,2.70867912305583,0.7630426598527,-278140.16687724
230.8,-0.720492715239313,-21.3582641138272,20.6377713985879,0.0230712676845435,-27685.5212214521,-638.740071086231,2.69207199406578,0.77476984371247,-276361.09596228
230.9,-0.71170754199964,-21.3556457490546,20.643938207055,0.043037465484371,-51644.9585812451,-2222.66812238211,2.67465219111637,0.788236311862697,-274472.656187142
231,-0.700978329439032,-21.353222173334,20.652243843895,0.0622643093219086,-74717.1711862902,-4652.21305840117,2.65667450782029,0.803531792236374,-272502.430567635
231.1,-0.688415682876435,-21.3509774147162,20.6625617318397,0.0801964367773927,-96235.7241328711,-7717.7621661484,2.63833535407772,0.820719449774498,-270472.667839693
231.2,-0.674181127610396,-21.3488953080032,20.6747141803928,0.09631237757893,-115574.853094716,-11131.2888898876,2.61976946466426,0.839834053180771,-268399.852488383
231.3,-0.658483647511233,-21.3469600149549,20.6884763674437,0.110137336584673,-132164.803901607,-14556.2794919586,2.60104816059664,0.86088076742825,-266294.420984701
231.4,-0.641575112931609,-21.3451565086064,20.7035813956748,0.121254696448791,-145505.635738549,-17643.2416930661,2.58217917401442,0.883834564346195,-264160.629432465
231.5,-0.623744713432902,-21.3434710092088,20.7197262957759,0.12931595626725,-155179.1475207,-20067.1398543761,2.56310802383876,0.908640236777622,-261996.574968931
231.6,-0.605312535921268,-21.3418913606799,20.7365788247586,0.134048856994209,-160858.62839305,-21562.9152737446,2.54372090503819,0.935212997617653,-259794.37026528
231.7,-0.586622450620403,-21.3404073380899,20.7537848874695,0.135263484613399,-162316.181536079,-21955.4523237111,2.5238490277812,0.963439642474851,-257540.467304808
231.8,-0.568034485218401,-21.3390108785824,20.770976393364,0.132856188348063,-159427.426017676,-21180.9201388513,2.50327431334873,0.993180252567156,-255216.123269257
231.9,-0.549916880890596,-21.3376962302047,20.7877793493141,0.126811203874701,-152173.44464964,-19297.297713781,2.48173632128314,1.02427041161019,-252797.997862534
232,-0.532638032162165,-21.3364600153613,20.8038219831991,0.117199930543712,-140639.916652454,-16482.9884633411,2.45894024744796,1.0565239058744,-250258.867810779
232.1,-0.516558515275467,-21.335301207961,20.8187426926856,0.104177876491411,-125013.451789693,-13023.6359403116,2.43456579678327,1.08973586955674,-247568.440704748
232.2,-0.502023406551409,-21.3342210257571,20.8321976192057,0.0879793550870903,-105575.226104508,-9288.44030584838,2.40827669956115,1.12368632779055,-244694.246940221
232.3,-0.48935508304071,-21.3332227418127,20.843867658772,0.0689100884550708,-82692.1061460848,-5698.32034906281,2.37973060838008,1.15814407710198,-241602.585441938
232.4,-0.478846682620581,-21.3323114214063,20.8534647387857,0.0473379460875438,-56805.5353050525,-2689.05736774464,2.34858908777901,1.19287082846902,-238259.496324474
232.5,-0.470756379915056,-21.3314935929421,20.860737213027,0.0236821153158139,-28418.5383789765,-673.011102997804,2.31452739198957,1.22762552233387,-234631.73185323
232.6,-0.465302608561505,-21.3307768634691,20.8654742549076,-0.0015989384159894,1918.72609918742,-3.06792486975225,2.2772437214572,1.2621687093012,-230687.696212504
232.7,-0.462660330221986,-21.3301694911693,20.8675091609473,-0.028020314199321,33624.377039185,-942.165609394396,2.23646765722987,1.29626687640772,-226398.324827853
232.8,-0.462958417383149,-21.3296799285581,20.866721511175,-0.0550838805276068,66100.6566331283,-3641.0806727756,2.1919674951655,1.32969658845886,-221737.875441082
232.9,-0.466278181631168,-21.3293163510914,20.8630381694602,-0.0822913875104513,98749.6650125412,-8126.24695007428,2.14355623916361,1.36224830862185,-216684.605849178
233,-0.472653043091338,-21.3290861863205,20.8564331432292,-0.109157038855777,130988.446626933,-14298.310958114,2.09109606320827,1.393729763644,-211221.317168332
233.1,-0.48206930151278,-21.3289956586555,20.8469263571427,-0.135219105436026,162262.926523231,-21941.0477699028,2.03450111378816,1.42396872774873,-205335.746563025
233.2,-0.494467936471601,-21.3290493641579,20.8345814276863,-0.160050212644326,192060.255173191,-30739.2846809928,1.97373859418017,1.45281511595164,-199020.799396419
233.3,-0.509747334679279,-21.3292498886098,20.8195025539305,-0.183266002248833,219919.2026986,-40303.7130963232,1.9088281463855,1.48014230212408,-192274.617442634
233.4,-0.52776681756594,-21.3295974804346,20.8018306628687,-0.204531951633632,245438.341960358,-50199.9830868749,1.83983962100565,1.50584760883519,-185100.486820018
233.5,-0.548350823070091,-21.3300897879446,20.7817389648745,-0.223568223603209,268281.86832385,-59979.3007261132,1.76688939574117,1.5298519533922,-177506.596278216
233.6,-0.571293582531347,-21.3307216679671,20.7594280854358,-0.24015251218426,288183.014621112,-69207.8749300934,1.69013546539,1.55209867554411,-169505.663001305
233.7,-0.596364127058433,-21.3314850702641,20.7351209432057,-0.254120938001177,304945.125601412,-77492.9413567176,1.60977157660653,1.57255161451531,-161114.448783145
233.8,-0.623311457713047,-21.3323689994448,20.7090575417317,-0.265367125408291,318440.550489949,-84503.6534969517,1.52602071638136,1.59119254358957,-152353.193935038
233.9,-0.65186971998542,-21.333359553409,20.6814898334236,-0.27383965836669,328607.590040027,-89985.7901932623,1.43912828225033,1.60801810647783,-143244.999310833
234,-0.681763234734159,-21.334440034878,20.6526768001438,-0.279538160270209,335445.79232425,-93769.8996567035,1.34935526370386,1.62303642842215,-133815.188180973
234.1,-0.712711254190236,-21.3355911303798,20.6228798761896,-0.282508273375667,339009.928050799,-95773.1094308404,1.25697174827357,1.63626359403567,-124090.679262109
234.2,-0.744432331780835,-21.3367911492476,20.5923588174668,-0.282835826536978,339402.991844373,-95995.3257274264,1.1622510335011,1.64772019147328,-114099.40003769
234.3,-0.776648217309727,-21.3380163138156,20.5613680965059,-0.280640477250258,336768.572700309,-94510.8929655032,1.06546457958439,1.65742811766002,-103869.765730486
234.4,-0.809087213293918,-21.3392410910948,20.5301538778009,-0.2760690982215,331282.917865799,-91456.9763913981,0.966877979917183,1.66540782186392,-93430.2441637076
234.5,-0.841486952884544,-21.3404385557647,20.4989516028802,-0.269289152974383,323146.983569258,-87019.9774915923,0.866748061600312,1.67167613572539,-82809.0206197275
234.6,-0.873596583754932,-21.3415807743026,20.4679841905477,-0.260482272804253,312578.727365102,-81421.2173343227,0.765321159345916,1.67624479870922,-72033.7700890144
234.7,-0.905178364706934,-21.3426392004315,20.4374608357245,-0.249838211866159,299805.854239391,-74902.9585301758,0.662832538231128,1.6791197414116,-61131.5374495576
234.8,-0.936008701773911,-21.3435850727289,20.407576370955,-0.237549321130108,285059.185356129,-67715.6159632499,0.559506877612746,1.68030113845352,-50128.7195854238
234.9,-0.965878667710534,-21.3443898061184,20.3785111384079,-0.223805647493555,268566.776992265,-60106.7614200111,0.455559673958876,1.67978419144515,-39051.1376686139
235,-0.994594062572034,-21.3450253699876,20.3504313074156,-0.208790732949426,250548.879539311,-52312.2841986703,0.351199377550077,1.67756055444892,-27924.1831549077
235.1,-1.02197508340306,-21.3454646467591,20.3234895633561,-0.192678161097177,231213.793316611,-44549.8485165473,0.24663004928332,1.67362027305096,-16773.0177558217
235.2,-1.04785567785926,-21.3456817658265,20.2978260879672,-0.175628874548221,210754.649457865,-37014.6018900897,0.14205431050837,1.66795407664101,-5622.80590888922
235.3,-1.07208266001019,-21.345652408799,20.2735697487888,-0.157789266505349,189347.119806419,-29876.9431491553,0.0376763611642639,1.66055584412499,5501.04188055269
235.4,-1.09451466688679,-21.3453540829578,20.250839416071,-0.13929003224932,167148.038699184,-23282.05570082,-0.0662951414404878,1.65142505743348,16572.6350917455
235.5,-1.11502103190671,-21.3447663606895,20.2297453287827,-0.120245750571888,144294.900686265,-17350.8486367159,-0.169644521018247,1.64056906515009,27565.3962245191
235.6,-1.13348064657143,-21.3438710834335,20.210390436862,-0.100755150541709,120906.180650051,-12181.9204328189,-0.272146975960975,1.62800499956235,38451.8947085506
235.7,-1.14978087525104,-21.3426525293825,20.1928716541315,-0.0809020048000135,97082.405760016,-7854.16125679367,-0.373567020359725,1.61376122257827,49203.7312140383
235.8,-1.16381657993717,-21.3410975448097,20.1772809648725,-0.0607565766379666,72907.8919655598,-4429.63392571813,-0.473657516173168,1.59787821649051,59791.4772698471
235.9,-1.17548930301364,-21.3391956395028,20.1637063364892,-0.0403775346122883,48453.0415347458,-1956.41436163984,-0.57215929379771,1.58040888107126,70184.6706177728
236,-1.18470664679389,-21.336939047373,20.1522324005791,-0.0198142360283276,23777.0832339931,-471.124739263531,-0.668801317328111,1.5614182451169,80351.862773969
236.1,-1.19138187917421,-21.3343227538759,20.1429408747017,0.000890729788985495,-1068.87574678263,-0.952079468383407,-0.763301318623529,1.54098264444933,90260.7121438406
236.2,-1.19543378555594,-21.331344492452,20.135910706896,0.0216988547682158,-26038.6257218591,-565.00835790255,-0.855366803266159,1.51918845590472,99878.1139697628
236.3,-1.19678677842847,-21.3280047127259,20.1312179342974,0.0425730011959472,-51087.6014351367,-2174.95251699615,-0.944696322910859,1.49613050497566,109170.357500357
236.4,-1.19537126783182,-21.3243065236961,20.1289352558643,0.0634747836554674,-76169.7403865607,-4834.85779213006,-1.03098091249393,1.47191028133804,118103.301059125
236.5,-1.19112428841101,-21.3202556155508,20.1291313271398,0.0843621527143138,-101234.583257176,-8540.36737271182,-1.11390560623759,1.44663410035085,126642.557048736
236.6,-1.18399037194794,-21.315860164038,20.1318697920901,0.105187275342285,-126224.730410742,-13277.2354727204,-1.19315097121404,1.42041133976317,134753.681142864
236.7,-1.17392264806118,-21.3111307214587,20.1372080733975,0.125894787820651,-151073.745384781,-19019.3971204881,-1.26839462839805,1.39335286043263,142402.36269663
236.8,-1.16088415011657,-21.3060800983173,20.1451959482008,0.146420473554687,-175704.568265624,-25726.7460911745,-1.33931276501371,1.36556969002573,149554.616402673
236.9,-1.14484929817804,-21.300723239444,20.1558739412659,0.166690392414852,-200028.470897821,-33342.8243081005,-1.40558167467802,1.33717201244245,156176.97806571
237,-1.12580552593824,-21.2950770979883,20.1692715720501,0.18662046208241,-223944.554498892,-41792.6362414228,-1.46687938956049,1.30826846666659,162236.709711933
237.1,-1.10375501390855,-21.2891605101123,20.1854054962037,0.206116467623554,-247339.761148264,-50980.7978707337,-1.52288748817132,1.27896572071401,167702.020786903
237.2,-1.07871648666523,-21.2829940724945,20.2042775858293,0.225074455366758,-270089.346440109,-60790.2125503713,-1.57329317088707,1.24936825305529,172542.31270128
237.3,-1.05072702765039,-21.276600023971,20.2258729963206,0.243381453002093,-292057.74360251,-71081.4379984916,-1.6177916913836,1.21957824860461,176728.453333039
237.4,-1.01984386099309,-21.2700021318251,20.250158270832,0.26091645098466,-313099.741181592,-81692.8732733166,-1.65608921542586,1.18969550162199,180233.086278475
237.5,-0.986146046207722,-21.2632255824761,20.2770795362684,0.277551581355995,-333061.897627193,-92441.856375856,-1.6879061498757,1.15981721521459,183030.976771523
237.6,-0.949736028685685,-21.2562968756637,20.306560846978,0.293153438622358,-351784.126346829,-103126.726291335,-1.71298094644013,1.13003759694857,185099.392483409
237.7,-0.910740986934421,-21.2492437207321,20.3385027337977,0.307584502002675,-369101.40240321,-113529.87104668,-1.73107433974771,1.10044717161709,186418.513188781
237.8,-0.869313916898474,-21.2420949333339,20.3727810164354,0.320704636941705,-384845.564330044,-123421.756987092,-1.74197393174459,1.0711317635402,186971.858925773
237.9,-0.825634394805668,-21.2348803307999,20.4092459359942,0.332372673351992,-398847.20802239,-132565.91278938,-1.74549898851145,1.04217113902489,186746.722207153
238,-0.779908963186436,-21.2276306245626,20.4477216613762,0.34244807533086,-410937.690397031,-140724.821157372,-1.74150527583437,1.01363734119413,185734.586477523
238.1,-0.732371090321145,-21.2203773083416,20.4880062180205,0.350792728915167,-420951.274698199,-147666.646391699,-1.72988973027828,0.985592790316685,183931.510736842
238.2,-0.683280661575267,-21.2131525412467,20.5298718796714,0.357272878175213,-428727.453810254,-153172.69137552,-1.7105947464354,0.958088259010872,181338.459365797
238.3,-0.632922971921491,-21.2059890254663,20.5730660535448,0.361761234019964,-434113.480823955,-157045.428527576,-1.68361186072132,0.931160859567493,177961.556888086
238.4,-0.581607202263012,-21.1989198787143,20.6173126764512,0.364139264266634,-436967.11711996,-159116.884536774,-1.6489846285374,0.904832197131891,173812.249751414
238.5,-0.52966437758009,-21.191978502035,20.6623141244549,0.364299649133301,-437159.57895996,-159257.081230375,-1.60681052435805,0.879106845563273,168907.361122783
238.6,-0.47744482181373,-21.1851984438697,20.707753622056,0.362148856138691,-434578.627366428,-157382.152803074,-1.55724174144795,0.85397129159052,163269.029951018
238.7,-0.425315141956599,-21.1786132614203,20.7532981194637,0.357609756420135,-429131.707704161,-153461.685464241,-1.500484826269,0.829393467828757,156924.531797135
238.8,-0.373654791061622,-21.1722563803128,20.7986015892512,0.350624175374602,-420749.010449521,-147524.774828543,-1.43679914791487,0.80532295800598,149905.985713545
238.9,-0.322852275727506,-21.1661609533699,20.8433086776424,0.34115524899509,-409386.298794108,-139664.284700282,-1.36649427008223,0.781691911220995,142249.958240532
239,-0.273301087000636,-21.1603597189957,20.8870586319951,0.329189447374899,-395027.336849877,-130038.830715589,-1.28992635677402,0.758416649982987,133996.981832762
239.1,-0.225395443566253,-21.1548848593122,20.9294894157459,0.314738131370616,-377685.757644738,-118872.1096064,-1.20749379786433,0.735399903546878,125191.010203246
239.2,-0.179525941809771,-21.1497678578289,20.9702419160192,0.297838528394459,-357406.23407335,-106449.346795412,-1.1196322821283,0.712533548267696,115878.836720992
239.3,-0.136075208325629,-21.1450393561486,21.008964147823,0.278554047811422,-334264.857373705,-93110.8290625531,-1.02680956963917,0.689701694791543,106109.503778934
239.4,-0.0954136466070636,-21.1407290090508,21.0453153624437,0.256973902558503,-308368.683070203,-79242.703915376,-0.929520220186563,0.666783931755794,95933.7307647826
239.5,-0.0578953612296758,-21.1368653373035,21.0789699760738,0.23321205682929,-279854.468195148,-65265.4361406575,-0.828280518807056,0.643658520245238,85403.3858920549
239.6,-0.0238543304967713,-21.1334755777257,21.1096212472289,0.207405574265428,-248886.689118514,-51620.4866836465,-0.723623804594591,0.620205334307589,74571.02283052
239.7,0.00639911675798999,-21.1305855303558,21.1369846471138,0.179712490850873,-215654.989021047,-38755.8952413899,-0.616096357330512,0.596308360761751,63489.4971308292
239.8,0.0325814814553311,-21.1282194030322,21.1608008844876,0.150309375619246,-180371.250743095,-27111.490078857,-0.506253932318484,0.571857605290613,52211.6703281896
239.9,0.0544389100805631,-21.1263996542016,21.1808385642822,0.119388765292334,-143266.5183508,-17104.4127336335,-0.394658962509515,0.546750298977215,40790.2019033465
240,0.071749640465427,-21.1251468352803,21.1968964757457,0.0871566625506222,-104587.995060746,-9115.54059235562,-0.281878374701083,0.520891356403708,29277.4216062653
240.1,0.0843260854812762,-21.1244794343304,21.2088055198117,0.0538302702915723,-64596.3243498867,-3477.23759959647,-0.168481899679154,0.494193098659895,17725.267647672
240.2,0.0920165724712056,-21.1244137231171,21.2164302955883,0.0196360967361161,-23563.3160833389,-462.691554036125,-0.0550407007152898,0.466574317030395,6185.27052911301
240.3,0.0947067617857833,-21.124963609744,21.2196703715298,-0.0151914883064098,18229.7859676919,-276.937580356545,0.0578738939515196,0.437958810546339,-5291.44169057081
240.4,0.0923207686535967,-21.1261404989986,21.2184612676522,-0.0504112321062626,60493.4785275152,-3049.55078696578,0.169691787248294,0.408273578105079,-16654.1427499776
240.5,0.0848220089554985,-21.127953162283,21.2127751712385,-0.0857755700927623,102930.684111315,-8828.93810968605,0.279845866121831,0.377446879305749,-27852.5377736974
240.6,0.0722137818851891,-21.1304076185855,21.2026214004707,-0.12103091532592,145237.098391103,-17578.1789575559,0.38777431176227,0.345406394426138,-38836.8459678002
240.7,0.0545395919829197,-21.1335070274271,21.18804661941,-0.155917849899122,187101.419878946,-29172.451100598,0.492923619192832,0.31207771133748,-49557.954457892
240.8,0.0318832009634313,-21.1372515941581,21.1691347951215,-0.190171441078336,228205.729294003,-43398.2124021733,0.594752412024511,0.277383345398694,-59967.6547418331
240.9,0.00436838766353986,-21.1416384874701,21.1460068751336,-0.223521920207824,268226.304249388,-59954.4585760712,0.692736059700055,0.241242458831655,-70018.9654573004
241,-0.0278416160946797,-21.1466617686111,21.1188201525164,-0.255695950205805,306835.140246965,-78456.502741979,0.786372020261776,0.203571391571588,-79666.5368058904
241.1,-0.0645450533957614,-21.1523123316056,21.0877672782099,-0.286418667344567,343702.40081348,-98442.7836041252,0.875185748695632,0.16428505019715,-88867.1237062804
241.2,-0.105502976702038,-21.1585778538505,21.0530748771485,-0.31541661758399,378499.941100787,-119385.17117775,0.958736936414151,0.123299130314931,-97580.1072449476
241.3,-0.150441029696804,-21.165442756786,21.0150017270892,-0.342421622601274,410905.947121528,-140703.081149867,1.03662578807303,0.0805330763081119,-105768.037876055
241.4,-0.199051709671803,-21.1728881769239,20.9738364672521,-0.367175513878702,440610.616654441,-161781.429590506,1.10849900316959,0.035913616385759,-113397.169611133
241.5,-0.250997130542395,-21.1808919483004,20.929894817758,-0.389435574429811,467322.689315772,-181992.079957772,1.17405511562797,-0.0106213442198506,-120437.952508611
241.6,-0.305912288659304,-21.1894285983269,20.8835163096676,-0.408980437162418,490776.524594901,-200717.997577875,1.23304885675625,-0.0591187286409365,-126865.451323471
241.7,-0.363408811966462,-21.1984693599418,20.8350605479753,-0.425616116090911,510739.339309092,-217378.893931573,1.2852942453459,-0.109606469674226,-132659.661218184
241.8,-0.423079149236624,-21.2079822037995,20.7849030545629,-0.439181799532037,527018.159438443,-231456.783648237,1.33066617092928,-0.162090143889128,-137805.696785043
241.9,-0.484501131865549,-21.2179318948602,20.7334307629947,-0.449555018402455,539466.022082944,-242519.657484997,1.36910031804091,-0.216550313565123,-142293.837924732
242,-0.547242817896841,-21.2282800780588,20.681037260162,-0.456655820025428,547986.984030512,-250241.445555715,1.40059137489533,-0.272940789422743,-146119.424850994
242.1,-0.610867508410021,-21.2389853976611,20.628117889251,-0.460449627402668,552539.552883201,-254416.631250307,1.42518957226183,-0.331187967741862,-149282.604016074
242.2,-0.674938811758981,-21.2500036544131,20.5750648426541,-0.460948541581719,553138.249898061,-254968.269583576,1.44299570001698,-0.39119132305112,-151787.936378213
242.3,-0.739025622686281,-21.261288003652,20.5222623809657,-0.4582109438537,549853.132624438,-251948.722880757,1.4541548424781,-0.452825057489866,-153643.888447779
242.4,-0.802706881909142,-21.2727891962068,20.4700823142977,-0.452339366550912,542807.239861093,-245533.083038015,1.45884915236413,-0.515940826243988,-154862.234278899
242.5,-0.865575987715101,-21.2844558622514,20.4188798745363,-0.443476716754342,532172.06010521,-236005.917963853,1.45729004140129,-0.580371381414843,-155457.402435553
242.6,-0.927244744220626,-21.2962348363852,20.3689900921645,-0.431801046809357,518161.256171227,-223742.572830787,1.44971019899609,-0.645934910301686,-155445.805507102
242.7,-0.98734675051713,-21.3080715202338,20.3207247697167,-0.417519160504139,501022.992604965,-209186.699265696,1.43635585662043,-0.712439793618774,-154845.190700016
242.8,-1.04554015976883,-21.319910276933,20.2743701171642,-0.40085941686115,481031.300233379,-192825.926503513,1.41747969410403,-0.779689478709803,-153674.048303187
242.9,-1.10150976587398,-21.3316948501159,20.2301850842419,-0.382064139450425,458476.967340509,-175167.607984792,1.39333473636597,-0.847487154931256,-151951.110525243
243,-1.15496840573401,-21.3433687986142,20.1884003928802,-0.361382054952042,433658.46594245,-156716.387569633,1.3641695185377,-0.915639933882574,-149694.966635808
243.1,-1.20565769554939,-21.3548759371011,20.1492182415518,-0.339061169790888,406873.403749064,-137954.972231958,1.33022470884874,-0.983962275071808,-146923.811978996
243.2,-1.25334814795715,-21.3661607724487,20.1128126244916,-0.315342449858816,378410.939830579,-119329.032819552,1.29173127825642,-1.05227845516417,-143655.338870824
243.3,-1.2978387414871,-21.3771689256711,20.079330184184,-0.290454599670083,348545.519604099,-101236.64936341,1.2489102006539,-1.1204239518496,-139906.767335246
243.4,-1.33895603328277,-21.3878475299948,20.048891496712,-0.264610149700672,317532.179640806,-84022.2375895344,1.20197356499491,-1.18824569603429,-135695.003806222
243.5,-1.37655291925076,-21.3981455967871,20.0215926775364,-0.238002961491562,285603.553789874,-67974.4916145048,1.15112688806811,-1.25560123215949,-131036.907038258
243.6,-1.41050715218246,-21.4080143427126,19.9975071905301,-0.210807157512541,252968.589015049,-53327.5891902207,1.09657234046653,-1.32235690932844,-125949.633167151
243.7,-1.4407197278581,-21.4174074734502,19.9766877455921,-0.183177385066539,219812.862079846,-40264.745279778,1.03851254385148,-1.38838529915302,-120451.026669141
243.8,-1.46711324211606,-21.426281421468,19.9591681793519,-0.155250238331325,186300.28599759,-28923.1638023198,0.977154568611891,-1.45356209413027,-114560.021244565
243.9,-1.48963030922244,-21.4345955375415,19.9449652283191,-0.127146596347351,152575.915616821,-19399.5083552594,0.912713759259224,-1.51776277843142,-108297.014579267
244,-1.50823211484279,-21.4423122377857,19.9340801229429,-0.0989745918481677,118769.510217801,-11755.1637978136,0.845417040111885,-1.5808593782958,-101684.183491192
244.1,-1.52289715698972,-21.4493971097862,19.9264999527964,-0.0708329085064093,84999.4902076907,-6020.76111297279,0.775505403709501,-1.64271759062541,-94745.7109300771
244.2,-1.53362020710454,-21.4558189828629,19.9221987757583,-0.0428141122344167,51376.9346812998,-2199.65784770547,0.703235354805944,-1.70319455661694,-87507.903263091
244.3,-1.54041150252568,-21.4615499684792,19.9211384659535,-0.0150077531367386,18009.3037640862,-270.279185055944,0.628879168055861,-1.7621374949238,-79999.184696693
244.4,-1.5432961624567,-21.4665654772969,19.9232693148402,0.0124969758765561,-14996.3710518674,-187.40928727107,0.552723910909153,-1.81938334011305,-72249.9648964716
244.5,-1.54231380337945,-21.4708442193589,19.9285304159794,0.0396091757744402,-47531.0109293282,-1882.6641666366,0.475069277515352,-1.87475945256367,-64292.3851589341
244.6,-1.5375183175405,-21.4743681934122,19.9368498758717,0.0662348572601123,-79481.8287121345,-5264.46757952092,0.396224367417834,-1.92808538178458,-56159.9571503547
244.7,-1.52897777017191,-21.4771226705369,19.948144900365,0.0922762521440897,-110731.502572908,-10217.8880517115,0.316503617896791,-1.97917558309018,-47887.1156036871
244.8,-1.51677436759808,-21.479096176127,19.9623218085289,0.117631775645525,-141158.13077463,-16604.681569823,0.236222155523013,-2.02784291413597,-39508.7119102214
244.9,-1.50100444906615,-21.480280473007,19.9792760239409,0.142196545609415,-170635.854731297,-24263.8290999004,0.155690866859689,-2.0739026787396,-31059.4788649536
245,-1.48177845943096,-21.4806705471729,19.998892087742,0.165863330183478,-199035.996220173,-33012.7731594639,0.0752114981593892,-2.11717694526027,-22573.4977125981
245.1,-1.45922086689053,-21.480264596447,20.0210437295565,0.188523777846948,-226228.533416338,-42649.4577764226,-0.00492792082641458,-2.15749884859695,-14083.6970816173
245.2,-1.43346999880194,-21.479064021322,20.04559402252,0.210069782961209,-252083.73955345,-52955.1764560431,-0.0844570713936443,-2.19471658981699,-5621.40957078614
245.3,-1.40467777814304,-21.4770734165119,20.0723956383689,0.230394854796687,-276473.825756024,-63698.1469401435,-0.163126558110973,-2.22869687488499,2783.99396817433
245.4,-1.37300935238121,-21.4743005612667,20.1012912088854,0.249395385533437,-299274.462640124,-74637.6699904462,-0.240710209078837,-2.25932758145171,11105.379512252
245.5,-1.33864261444257,-21.4707564063441,20.1321137919015,0.266971749281968,-320366.099138361,-85528.6978976088,-0.317006413600054,-2.28651950610205,19318.0292380803
245.6,-1.30176762140981,-21.466455055653,20.1646874342432,0.283029205351919,-339635.046422302,-96126.637298566,-0.391838526882147,-2.31020711850615,27399.7280550697
245.7,-1.26258592002861,-21.4614137409162,20.1988278208876,0.297478620227478,-356974.344272973,-106192.235390933,-0.465054446041241,-2.3303483274015,35330.7675281028
245.8,-1.22130978886356,-21.4556527881959,20.2343429993323,0.310237059618449,-372284.471542138,-115496.439792841,-0.536525524442542,-2.346923339786,43093.8835579858
245.9,-1.17816140509541,-21.4491955756824,20.271034170587,0.321228330771218,-385473.99692546,-123825.168588075,-0.606145037035317,-2.35993276286898,50674.148602487
246,-1.13337193984539,-21.442068482688,20.3086965428426,0.330383573093236,-396460.287711883,-130983.966443824,-0.673826434031939,-2.3693951526943,58058.8415464204
246.1,-1.08718058013329,-21.4343008302287,20.3471202500954,0.337642000367077,-405170.400440491,-136802.544494257,-0.739501622034533,-2.37534424958068,65237.3183823437
246.2,-1.03983346888601,-21.425924813855,20.386091344969,0.34295188996352,-411542.267956223,-141139.19859546,-0.803119490473822,-2.37782615581367,72200.9046545881
246.3,-0.991582547680441,-21.4169754294615,20.4253928817811,0.346271894301558,-415526.273161869,-143885.069739827,-0.864644858897015,-2.37689670431309,78942.8263516892
246.4,-0.942684281025848,-21.4074903926458,20.4648061116199,0.347572719230685,-417087.263076821,-144968.154184095,-0.924057960934905,-2.37261923905737,85458.1899843372
246.5,-0.893398236819859,-21.3975100518075,20.5041118149876,0.346839175755499,-416207.010906598,-144356.896606505,-0.981354508906252,-2.36506298138418,91744.0154796542
246.6,-0.843985495882119,-21.3870772946136,20.5430917987315,0.344072568851376,-412887.082621651,-142063.119163182,-1.0365463052698,-2.35430209495154,97799.3178799969
246.7,-0.794706864739883,-21.3762374467541,20.5815305820142,0.339293343517067,-407152.012220479,-138143.967545988,-1.08966229036011,-2.3404154913651,103625.226326144
246.8,-0.745820870443737,-21.3650381611516,20.6192172907078,0.332543867085666,-399052.640502798,-132702.508243546,-1.14074984688625,-2.3234873442398,109225.122094829
246.9,-0.697581524211994,-21.3535292950466,20.6559477708346,0.323891191271337,-388669.429525603,-125886.604539798,-1.18987612680218,-2.30360820800815,114604.772152598
247,-0.650235851955408,-21.3417627717325,20.6915269197771,0.313429610099964,-376115.532119956,-117885.744584898,-1.23712913054795,-2.28087657510079,119772.43127604
247.1,-0.604021203776796,-21.3297924232442,20.7257712194674,0.301282812833361,-361539.375400032,-108925.599970538,-1.28261825595176,-2.25540065645901,124738.884617775
247.2,-0.559162370692881,-21.3176738100742,20.7585114393814,0.287605425725031,-345126.510870036,-99260.2570877714,-1.32647404606938,-2.2273001397887,129517.4038374
247.3,-0.515868554208268,-21.3054640140424,20.7895954598341,0.272583743800225,-327100.492560269,-89162.2768609755,-1.36884690170824,-2.19670767014755,134123.593546877
247.4,-0.4743302519568,-21.2932214008136,20.8188911488568,0.256435474060159,-307722.56887219,-78910.9828277498,-1.40990458312474,-2.16376980931367,138575.110633959
247.5,-0.434716139301344,-21.2810053492518,20.8462892099504,0.239408344133931,-287290.012960716,-68779.6262891406,-1.44982840235253,-2.12864726311948,142891.246647935
247.6,-0.397170041424548,-21.2688759457923,20.8717059043677,0.22177747430642,-266132.969167704,-59022.2977316818,-1.48880809726806,-2.09151421709591,147092.372341444
247.7,-0.361808101984497,-21.2568936432902,20.8950855413057,0.203841464173747,-244609.757008496,-49861.6110197965,-1.52703547422791,-2.05255668645582,151199.253041812
247.8,-0.32871626192069,-21.2451188852874,20.9164026233667,0.185917205339211,-223100.646407053,-41478.2486893707,-1.56469700080492,-2.01196986162258,155232.253102834
247.9,-0.29794816474492,-21.2336116982831,20.9356635335382,0.168333495341249,-202000.194409499,-34003.3987845628,-1.6019656167569,-1.96995450942548,159210.456587436
248,-0.269523602160501,-21.2224312562977,20.9529076541372,0.151423591702737,-181708.310043284,-27514.9249489886,-1.63899210346301,-1.92671256671797,163150.738923437
248.1,-0.243427605931245,-21.2116354237015,20.9682078177703,0.135516904685625,-162620.28562275,-22037.7977466874,-1.67589640437606,-1.882442131706,167066.83002073
248.2,-0.219610278682044,-21.2012802838483,20.9816700051663,0.120930079202476,-145116.09504297,-17548.9008671004,-1.7127593178161,-1.83733211352712,170968.412829575
248.3,-0.197987438166216,-21.1914196624131,20.9934322242469,0.107957757002979,-129549.308403574,-13985.8527565369,-1.74961498672033,-1.7915568384551,174860.302304103
248.4,-0.178442127158199,-21.1821046554062,21.003662528248,0.0968633371261292,-116236.004551355,-11259.0072950522,-1.78644458771556,-1.74527092870861,178741.748131921
248.5,-0.160827015422711,-21.1733831725543,21.0125561571316,0.0878700641283729,-105444.076954047,-9265.37780390922,-1.82317157588098,-1.69860476593535,182605.900493494
248.6,-0.144967692233148,-21.1652995070528,21.0203318148196,0.0811527693738562,-97383.3232486273,-7902.92637245553,-1.85965877524505,-1.65166082633781,186439.471780849
248.7,-0.130666818812806,-21.1578939425811,21.0272271237683,0.0768305714726878,-92196.6857672251,-7083.52405538373,-1.89570752313525,-1.60451112996784,190222.61903263
248.8,-0.117709081026238,-21.151202407928,21.0334933269018,0.0749608095539035,-89952.9714646839,-6742.94756277188,-1.93105898458061,-1.55719598618512,193929.062339643
248.9,-0.105866854784335,-21.1452561886215,21.0393893338372,0.0755344399873844,-90641.327984861,-6846.54194904931,-1.96539765707323,-1.50972414500076,197526.444220504
249,-0.0949064709734948,-21.1400817036436,21.0451752326701,0.0784730763735503,-94167.6916482602,-7389.62845863485,-1.9983569920822,-1.46207438512432,200976.924567343
249.1,-0.0845949441628022,-21.1357003536906,21.0511054095278,0.0836277971449044,-100353.356573885,-8392.33014637111,-2.02952697323456,-1.41419848947695,204237.995808233
249.2,-0.0747070105932046,-21.1321284455913,21.0574214349981,0.090779787821988,-108935.745386385,-9889.16385240618,-2.05846341660388,-1.36602548314643,207263.493961893
249.3,-0.0650323065309557,-21.1293771954981,21.0643448889672,0.0996428283007867,-119571.393960944,-11914.431878136,-2.08469869948715,-1.31746694220814,210004.773717156
249.4,-0.0553825083034916,-21.1274528113985,21.0720703030951,0.10986758149831,-131841.097797972,-14485.0625571454,-2.10775358247006,-1.2684231286709,212412.009884447
249.5,-0.0455982503752068,-21.1263566534322,21.0807584030569,0.121047589749273,-145257.107699127,-17583.0227809298,-2.12714976614437,-1.21878967008115,214435.583736151
249.6,-0.0355556376444213,-21.1260854685134,21.0905298308689,0.132726840634945,-159272.208761934,-21139.697069921,-2.14242281785892,-1.16846448379118,216027.510936319
249.7,-0.0251721725908958,-21.1266316939051,21.1014595213142,0.144408725263695,-173290.470316434,-25024.6559187424,-2.15313511347047,-1.11735464594809,217142.867883608
249.8,-0.014411926701932,-21.1279838227131,21.1135718960112,0.155566180077761,-186679.416093313,-29041.0036607835,-2.15888846136902,-1.06538292290697,217741.175162354
249.9,-0.00328979840014298,-21.1301268228102,21.1268370244101,0.165652778609386,-198783.334331263,-32929.0116732124,-2.15933610759484,-1.01249371580449,217787.700127904
250,0.0081252839209256,-21.1330425994784,21.1411678833993,0.174114522745523,-208937.427294628,-36379.0404370816,-2.1541938578577,-0.958658214219938,217254.645090168
250.1,0.0197083356028251,-21.1367104910901,21.1564188266929,0.180402074328198,-216482.489193837,-39053.8901062998,-2.14325009099802,-0.903878608251799,216122.192717104
250.2,0.0312775657406092,-21.1411077864504,21.172385352191,0.183983167383977,-220779.800860772,-40619.7670567684,-2.12637447559727,-0.848191265614852,214379.385770321
250.3,0.0425949784696016,-21.1462102519856,21.1888052304552,0.184354948571825,-221225.938286189,-40784.0964755041,-2.10352523447015,-0.791668837150968,212024.823752639
250.4,0.053368373890212,-21.1519926567912,21.2053610306814,0.181056007613852,-217267.209136622,-39337.5334716806,-2.07475482901862,-0.734421306397659,209067.164194694
250.5,0.0632547687616025,-21.1584292836295,21.2216840523911,0.173677878911749,-208413.454694099,-36196.8067479411,-2.04021395634036,-0.676596043143694,205525.420915776
250.6,0.0718652274911058,-21.165494414282,21.2373596417731,0.161875817990888,-194250.981589065,-31444.5365402627,-2.00015376710838,-0.618376954659267,201429.055534978
250.7,0.0787710632439982,-21.1731627781869,21.2519338414309,0.145378679100834,-174454.414921,-25361.9524045238,-1.95492622313843,-0.559982849989548,196817.861749101
250.8,0.0835113374776952,-21.1814099540141,21.2649212914918,0.123997740288856,-148797.288346627,-18450.527516091,-1.90498252262456,-0.501665141922359,191741.644488871
250.9,0.0856015541900668,-21.1902127147092,21.2758142688993,0.0976343368315256,-117161.20419783,-11438.9564742381,-1.85086953117951,-0.443705008651032,186259.698145866
251,0.0845434130765419,-21.1995493075608,21.2840927206373,0.0662861710563484,-79543.4052676181,-5272.62776797377,-1.79322417118484,-0.386410124404939,180440.089815016
251.1,0.0798354541513966,-21.2093996619867,21.2892351161381,0.0300521655123467,-36062.598614816,-1083.75918237778,-1.73276574346604,-0.330111047868614,174358.755137831
251.2,0.0709843958997318,-21.2197455189795,21.2907299148792,-0.0108642820465248,13037.1384558298,-141.63914926373,-1.6702861863164,-0.275157332075002,168098.41607933
251.3,0.0575169405535654,-21.2305704774978,21.2880874180514,-0.0561537967227226,67384.556067267,-3783.89866365222,-1.60663831884948,-0.221913392943689,161747.332023469
251.4,0.0389917946630902,-21.2418599545464,21.2808517492095,-0.105401446254073,126481.735504887,-13331.3578469402,-1.54272216883277,-0.170754149040334,155397.898078098
251.5,0.0150116319365807,-21.2536010572617,21.2686126891983,-0.158089259788337,189707.111746004,-29990.6568725092,-1.4794695484831,-0.122060425472548,149145.107526429
251.6,-0.0147652903901623,-21.2657823670432,21.251017076653,-0.213601019914702,256321.223897643,-54750.4748503213,-1.41782711275096,-0.0762141025889664,143084.898956772
251.7,-0.0506141593550744,-21.27839363765,21.227779478295,-0.271229481353709,325475.37762445,-88278.5178664822,-1.35873820968681,-0.0335929870584823,137312.412673169
251.8,-0.0927335769738384,-21.291425411247,21.1986918342731,-0.330186125995752,396223.351194901,-130827.453360098,-1.30312390683574,0.00543461014734392,131920.185384654
251.9,-0.141236764700743,-21.3048685586123,21.1636317939115,-0.389613494613197,467536.193535836,-182158.410221649,-1.25186364584836,0.0405155874205156,126996.316667378
252,-0.19614427503279,-21.318713752105,21.1225694770722,-0.448600040757788,538320.048909344,-241490.395881466,-1.2057760340074,0.0713180304631831,122622.64501153
252.1,-0.257378456303709,-21.3329508824622,21.0755724261585,-0.506197335758818,607436.80291058,-307482.89127519,-1.16560032082472,0.0975373940682218,118872.975083766
252.2,-0.324759879682951,-21.3475684329817,21.0228085532988,-0.56143932247732,673727.186972781,-378256.935388549,-1.13197912573553,0.118902789606405,115811.400816155
252.3,-0.398005891358039,-21.3625528270257,20.9645469356677,-0.613363179602741,736035.815523288,-451457.268110861,-1.10544297594743,0.135183240898187,113490.770736944
252.4,-0.476731399026036,-21.3778877669182,20.9011563678922,-0.661031229802419,793237.475762901,-524354.744128918,-1.08639718006009,0.146193733845476,111951.342274839
252.5,-0.560451941808257,-21.3935535840565,20.8331016422482,-0.70355321654039,844263.859848466,-593984.554205194,-1.07511150337788,0.151800853269514,111219.670332883
252.6,-0.64858902858251,-21.4095266212541,20.7609375926716,-0.740108197514517,888129.837017418,-657312.172833823,-1.07171302700055,0.151927777155976,111307.772047635
252.7,-0.740477663839407,-21.4257786688549,20.6853010050155,-0.769965266622024,923958.319946426,-711415.814165187,-1.07618246865642,0.14655838684822,112212.604222479
252.8,-0.83537591502213,-21.442276475873,20.6069005608508,-0.792502326693619,951002.79203234,-753671.925377757,-1.08835412412719,0.135740253924116,113915.882458484
252.9,-0.93247631344213,-21.4589813562736,20.5265050428315,-0.807222193057021,968666.631668423,-781929.202756543,-1.10791946026808,0.119586281992376,116384.261632007
253,-1.03091882471426,-21.4758489084708,20.4449300837566,-0.813765409836668,976518.491804,-794656.970695967,-1.13443426075429,0.0982748149377359,119569.886343178
253.1,-1.12980507643278,-21.4928288632271,20.3630237867944,-0.81191929916353,974303.158996233,-791055.538025035,-1.16732910036436,0.0720480716617635,123411.307667034
253.2,-1.22821349238668,-21.5098650714858,20.2816515790991,-0.801622927400224,961947.512880267,-771119.181280444,-1.2059228087989,0.041208829452267,127834.749476379
253.3,-1.32521495543943,-21.5268956393821,20.2016806839427,-0.782967849533702,939561.41944044,-735646.384084114,-1.24943848566181,0.00611535106668093,132755.694361182
253.4,-1.41988860624484,-21.543853212968,20.1239646067231,-0.756194670223163,907433.604267794,-686196.455128701,-1.29702154796488,-0.0328253692059581,138080.746392473
253.5,-1.51133738270039,-21.560665410249,20.0493280275486,-0.721685625934797,866022.751121754,-624996.171217078,-1.34775923267291,-0.0751658822275802,143709.716341188
253.6,-1.59870291540754,-21.5772553932271,19.9785524778195,-0.679953537747262,815944.245296712,-554804.176194019,-1.4007009404284,-0.120427844217188,149537.8651162
253.7,-1.68117941688953,-21.5935425679913,19.9123631511018,-0.63162760234978,757953.122819735,-478744.113660158,-1.45487879264761,-0.168112547490367,155458.233720622
253.8,-1.75802623595287,-21.6094433967372,19.8514171607843,-0.577436576241076,692923.89148929,-400119.599497218,-1.50932778181165,-0.217712047123674,161363.983427994
253.9,-1.82857879204296,-21.6248723021083,19.7962935100653,-0.518189964876136,621827.957851362,-322225.007637997,-1.56310492259669,-0.268720463960769,167150.668499949
254,-1.89225765611427,-21.6397426415911,19.7474849854769,-0.454757856552365,545709.427862837,-248165.649715321,-1.61530685779908,-0.320645019717366,172718.36579086
254.1,-1.94857560257206,-21.6539677279552,19.7053921253832,-0.388050043791076,465660.05254929,-180699.403783507,-1.66508543597323,-0.373016358146037,177973.591020136
254.2,-1.99714251925687,-21.6674618709453,19.6703193516884,-0.318995057200021,382794.068640024,-122109.415821653,-1.71166085538841,-0.425397728481422,182830.940162717
254.3,-2.0376681271692,-21.6801414155907,19.6424732884215,-0.248519702642955,298223.643171545,-74114.4511220913,-1.75433205929202,-0.477392653388387,187214.405958007
254.4,-2.06996252657867,-21.6919257535253,19.6219632269466,-0.177529645797494,213035.574956992,-37820.1301643802,-1.79248416830443,-0.528650771519672,191058.33345074
254.5,-2.09393464926404,-21.7027382854962,19.6088036362322,-0.106891531813753,128269.838176504,-13710.9594881887,-1.82559284448691,-0.578871631215828,194307.994101853
254.6,-2.10958875589224,-21.7125073156518,19.6029185597596,-0.0374170638423351,44900.4766108014,-1680.04399989763,-1.85322559518676,-0.627806312211687,196919.774589313
254.7,-2.1170191710764,-21.7211668610699,19.6041476899935,0.030150606055269,-36180.7272663227,-1090.87085460002,-1.87504013959745,-0.675256860797146,198860.993141709
254.8,-2.11640349472105,-21.728657363176,19.612253868455,0.0951478959299178,-114177.475115901,-10863.7465198685,-1.89078007296653,-0.721073634411791,200109.372277005
254.9,-2.10799456533155,-21.7349262910469,19.6269317257153,0.156999026086487,-188398.831303784,-29578.4330305266,-1.90026816798669,-0.765150757596968,200652.211347872
255,-2.09211147775339,-21.739928629976,19.6478171522226,0.215221352787375,-258265.623344849,-55584.2768347531,-1.90339774531263,-0.807419986260856,200485.314588717
255.1,-2.06912997334977,-21.7436272519839,19.6744972786342,0.269427780581547,-323313.336697855,-87109.5947389173,-1.90012262058692,-0.847843355650204,199611.739795999
255.2,-2.03947252432988,-21.7459931680959,19.706520643766,0.319326320725749,-383191.584870898,-122363.158929892,-1.89044618942787,-0.886405044613929,198040.438879782
255.3,-2.00359842564112,-21.7470056651238,19.7434072394827,0.364716953156488,-437660.343787785,-159622.147103702,-1.87441024086041,-0.923102921377354,195784.86400325
255.4,-1.96199418784377,-21.746652332321,19.7846581444772,0.405486036289619,-486583.243547542,-197302.710751039,-1.85208409106354,-0.957940242363677,192861.61177356
255.5,-1.91516449349477,-21.7449289855908,19.829764492096,0.441598589377411,-529918.307252893,-234011.176968143,-1.8235546018406,-0.990917955497622,189289.173055921
255.6,-1.8636239390685,-21.7418394988903,19.8782155598218,0.473088842834856,-567706.611401825,-268575.663857787,-1.78891759223469,-1.02202801443587,185086.847739845
255.7,-1.80788973608416,-21.7373955540519,19.9295058179677,0.500049509494263,-600059.411393114,-300059.414334543,-1.74827106921117,-1.05124804332191,180273.87265492
255.8,-1.7484754910338,-21.7316163214197,19.9831408303858,0.522620271107591,-627144.325329107,-327758.337327085,-1.70171059792216,-1.07853760725904,174868.797424585
255.9,-1.68588612636284,-21.724528084446,20.0386419580832,0.540975997097722,-649171.196517265,-351186.035323049,-1.6493270088131,-1.10383624698757,168889.128085755
256,-1.6206139467908,-21.7161638217004,20.0955498749096,0.555315214832702,-666378.257799241,-370049.985389627,-1.59120650395324,-1.12706333308271,162351.242588174
256.1,-1.55313579938775,-21.7065627595954,20.1534269602077,0.565849331727136,-679019.198072561,-384222.559459255,-1.52743308549693,-1.1481196913973,155270.566647714
256.2,-1.48391122468977,-21.6957699085472,20.2118586838574,0.572793069381778,-687351.683258132,-393710.280398157,-1.45809309251846,-1.1668908533125,147661.983674843
256.3,-1.41338145219489,-21.6838355942636,20.2704541420687,0.576356509809637,-691627.811771563,-398624.191679934,-1.38328150595805,-1.1832516969466,139540.439388205
256.4,-1.34196905895691,-21.6708149944426,20.3288459354857,0.576739075471211,-692086.890565451,-399153.553410463,-1.303109571934,-1.19707217329162,130921.690912688
256.5,-1.27007808638309,-21.6567676894005,20.3866896030174,0.574125670990829,-688950.805188994,-395544.343308803,-1.21771320721038,-1.20822375772488,121823.142183361
256.6,-1.19809439891874,-21.641757233108,20.4436628341893,0.568685108287442,-682422.129944928,-388083.302865478,-1.12726159197469,-1.21658623470551,112264.702710071
256.7,-1.12638606965399,-21.625850748868,20.499464679214,0.560570822146201,-672684.98657544,-377087.57597,-1.0319653276701,-1.22205441267919,102269.605412739
256.8,-1.05530359197821,-21.6091185515047,20.5538149595265,0.5499237641056,-659908.516926718,-362899.375593685,-0.932083543268078,-1.22454437700762,91865.1213479281
256.9,-0.985179742558007,-21.5916337955575,20.6064540529995,0.536877243432843,-644252.692119411,-345884.609419258,-0.827929372251362,-1.22399891969674,81083.114571202
257,-0.916328957824344,-21.5734721466682,20.6571431888439,0.521563369771968,-625876.043726361,-326434.018425468,-0.719873293264499,-1.22039183341483,69960.38880975
257.1,-0.849046131943211,-21.5547114712449,20.7056653393017,0.504120648016727,-604944.777620071,-304965.153308165,-0.608343926884976,-1.21373082057058,58538.7886004253
257.2,-0.783604796522418,-21.5354315376558,20.7518267411334,0.484702187670754,-581642.625204904,-281923.452879377,-0.493826004843221,-1.20405884229853,46865.0305024394
257.3,-0.720254698278463,-21.5157137207781,20.7954590224997,0.463483922226213,-556180.706671455,-257780.815394633,-0.376855370587544,-1.19145381298533,34990.2542528238
257.4,-0.659218847472602,-21.4956407007765,20.8364218533039,0.440672194712063,-528806.633654475,-233030.379830815,-0.258011024620177,-1.17602662928116,22969.298572555
257.5,-0.600690163913626,-21.4752961466011,20.8746059826874,0.416510058897509,-499812.07067701,-208176.754995367,-0.137904387011068,-1.15791760432272,10859.7210107314
257.6,-0.544827895540994,-21.4547643749428,20.9099364794018,0.391281676057428,-469538.011268912,-183721.620021971,-0.0171661049402891,-1.13729145441193,-1279.40498686598
257.7,-0.491754024083452,-21.4341299762979,20.9423759522145,0.365314257423673,-438377.108908406,-160145.408012411,0.103569123078702,-1.11433105338877,-13388.8703433558
257.8,-0.441549900464473,-21.4134774013885,20.9719275009241,0.338977112805303,-406772.535366363,-137886.579606983,0.2236791103111,-1.08923022674094,-25410.8323724406
257.9,-0.394253367483049,-21.3928905034288,20.9986371359457,0.312677513731213,-375213.016477454,-117320.673111759,0.342571438517391,-1.06218590110254,-37290.3754212484
258,-0.349856627519625,-21.3724520345422,21.0225954070226,0.286853258846927,-344223.910616312,-98741.7505333225,0.459700649340444,-1.03338995389399,-48977.0623521771
258.1,-0.308305098086958,-21.3522430979138,21.0439379998269,0.261962030752616,-314354.436903138,-82348.9266672412,0.574584583147361,-1.00302112180967,-60426.4075338123
258.2,-0.269497468301953,-21.3323425608301,21.0628450925282,0.238467844518488,-286161.413422184,-68240.2954431521,0.686819089186438,-0.971237325660709,-71601.2036107756
258.3,-0.233287125991772,-21.3128264374323,21.0795393114405,0.216825094057765,-260190.112869318,-56415.7456957904,0.796090381589123,-0.938168753280549,-82472.6389817472
258.4,-0.199485070155447,-21.2937672535512,21.0942821833958,0.197460887712138,-236953.065254565,-46788.9626112786,0.902184403934606,-0.903912012823791,-93021.1504204181
258.5,-0.167864359559729,-21.2752334091782,21.1073690496185,0.180756513719499,-216907.816463398,-39207.5007024328,1.00499268647979,-0.868525627240146,-103236.965300873
258.6,-0.138166078561859,-21.2572885567192,21.1191224781574,0.167028976805764,-200434.772166917,-33478.4149113366,1.1045143284255,-0.832027088689526,-113120.300016224
258.7,-0.110106729369527,-21.2399910149826,21.129884285613,0.156513589788637,-187816.307746364,-29395.8045462307,1.20085390485942,-0.794391631115663,-122681.194907207
258.8,-0.083386889546194,-21.2233932396949,21.1400063501487,0.149348584439774,-179218.301327729,-26765.9996089972,1.29421527540332,-0.755552812229073,-131938.980783136
258.9,-0.0577009082407116,-21.2075413711261,21.1498404628854,0.145562624942096,-174675.149930515,-25426.17333604,1.38489144985211,-0.715404925030364,-140921.387312467
259,-0.0327473576720507,-21.1924748780854,21.1597275204134,0.145065971396527,-174079.165675832,-25252.9632686615,1.47325083627025,-0.673807186129132,-149663.318548279
259.1,-0.00823991068159557,-21.1782263151672,21.1699864044856,0.147645860786531,-177175.032943837,-26159.1602488749,1.55972035102572,-0.630589576000589,-158205.334991984
259.2,0.0160817170765704,-21.1648212067668,21.1809029238434,0.15296646261675,-183559.755140099,-28078.4864225778,1.64476600134073,-0.585560137591668,-166591.894259466
259.3,0.0404411389510955,-21.1522780672258,21.1927192061769,0.160573541690591,-192688.250028709,-30940.634749272,1.72887165398236,-0.53851347702582,-174869.41301271
259.4,0.0650153631460846,-21.1406085617019,21.205623924848,0.169903736622587,-203884.483947104,-34640.7356619809,1.81251677528858,-0.489240156243848,-183084.220842227
259.5,0.0899259181626952,-21.1298178072426,21.2197437254053,0.180298153460572,-216357.784152685,-39008.9089695501,1.89615396606642,-0.437536624837148,-191280.481816264
259.6,0.115231373721592,-21.1199048083297,21.2351361820513,0.191019790176832,-229223.748212198,-43786.272287041,1.98018711973691,-0.383215309421454,-199498.161163911
259.7,0.140921549574099,-21.1108630160996,21.2517845656737,0.201274157309055,-241528.988770866,-48613.5436805643,2.06495100440536,-0.326114465605433,-207771.112893552
259.8,0.16691364923296,-21.1026809957855,21.2695946450185,0.210232346733156,-252278.816079787,-53037.1675355159,2.15069301127838,-0.266107401294916,-216125.359096533
259.9,0.193050490792075,-21.0953431828568,21.2883936736489,0.217055725385722,-260466.870462866,-56535.8255072664,2.23755772581098,-0.20311070136135,-224577.623455129
260,0.219100935425519,-21.088830705025,21.3079316404505,0.220921392319791,-265105.670783749,-58567.5139014181,2.32557486761787,-0.137091122326834,-233134.170444942
260.1,0.244762538865036,-21.0831222448645,21.3278847837295,0.221047532880314,-265257.039456376,-58634.4141509678,2.41465101463403,-0.068070880434782,-241789.98843527
260.2,0.269666375273587,-21.078194916328,21.3478612916016,0.216717829466799,-260061.395360159,-56359.9411305608,2.50456538102735,0.00386887495943933,-250528.340021901
260.3,0.293383909569439,-21.0740251279693,21.3674090375388,0.207304140722888,-248764.968867465,-51570.0081130258,2.59496976238915,0.0785865315177396,-259320.687248389
260.4,0.315435726382372,-21.0705894062015,21.3860251325839,0.192286736793806,-230744.084152566,-44369.0269761723,2.68539260184758,0.155880470512305,-268126.983710401
260.5,0.335301864147144,-21.0678651534001,21.4031670175472,0.171271474640018,-205525.769568021,-35200.7016304394,2.77524697361229,0.235491464831248,-276896.310722391
260.6,0.352433453679186,-21.0658313180204,21.4182647716996,0.144003411582328,-172804.093898793,-24884.3790568191,2.86384213304673,0.317106888117559,-285567.821535516
260.7,0.366265323755677,-21.0644689570616,21.4307342808173,0.110376484385028,-132451.781262033,-14619.5619662379,2.95039815166327,0.400366527132521,-294071.946709172
260.8,0.376229212969882,-21.0637616750434,21.4399908880133,0.0704390217699981,-84526.8261239976,-5953.98694549711,3.03406304799181,0.484869723858921,-302331.805689437
260.9,0.381767218009806,-21.0636959280278,21.4454631460376,0.0243950058924934,-29274.0070709922,-714.139574993749,3.11393174669401,0.570183524087966,-310264.76479058
261,0.382345113411478,-21.0642611859451,21.4466062993566,-0.0273988524516525,32878.6229419828,-900.836538800905,3.18906615275464,0.655851478032323,-317784.080263829
261.1,0.377465195951277,-21.0654499513858,21.4429151473371,-0.0844400156582516,101328.018789901,-8556.13949323889,3.25851561737841,0.741402727446304,-324800.566915519
261.2,0.366678336738158,-21.0672576379008,21.433935974639,-0.146090656214657,175308.787457588,-25610.9757998749,3.32133709748337,0.826361023069165,-331224.237548169
261.3,0.349594963779687,-21.069682315507,21.4192772792867,-0.211591372578432,253909.647094118,-53725.0907395496,3.37661436924476,0.910253344861888,-336965.865907118
261.4,0.325894744956205,-21.0727243353307,21.3986190802869,-0.280077538627159,336093.04635259,-94132.113172137,3.4234757436432,0.99261784315633,-341938.435240024
261.5,0.295334793324436,-21.0763858489634,21.3717206422879,-0.350597681476366,420717.217771637,-147502.481107923,3.46110984214632,1.07301087808021,-346058.445331204
261.6,0.257756270785347,-21.0806702410071,21.3384265117925,-0.422133254873086,506559.905847702,-213835.781843695,3.48877911583696,1.15101300324694,-349247.062216068
261.7,0.213089319772529,-21.0855814953528,21.2986708151254,-0.493619180251387,592343.016301663,-292391.874134461,3.50583092304076,1.22623381298179,-351431.10596518
261.8,0.161356303362467,-21.0911235169046,21.2524798202671,-0.563964562634165,676757.475160997,-381667.233488574,3.51170611025534,1.29831564540104,-352543.882246934
261.9,0.102673380052636,-21.0972994307365,21.1999728107892,-0.632073049330721,758487.659196863,-479419.607628282,3.50594516098354,1.36693620174439,-352525.872210891
262,0.0372504788234416,-21.1041108800918,21.1413613589152,-0.696862379437249,836234.855324697,-582740.611049932,3.48819208015607,1.43181020124338,-351325.302078679
262.1,-0.0346102280696847,-21.1115573432978,21.0769471152281,-0.757282763980032,908739.316776036,-688172.621545483,3.45819626308516,1.49269023700757,-348898.618329896
262.2,-0.112517233378142,-21.1196354877048,21.0071182543266,-0.812333832268835,974800.598722599,-791863.506058283,3.41581265416001,1.5493670294033,-345210.89633203
262.3,-0.195993847380471,-21.128338576311,20.9323447289305,-0.861079972188586,1033295.9666263,-889750.462205154,3.361000530662,1.60166928776108,-340236.209658414
262.4,-0.28448344984195,-21.1376559399888,20.8531724901468,-0.902663974386348,1083196.76926361,-977762.700785946,3.29382125198568,1.64946338869546,-333957.98430137
262.5,-0.37735569549568,-21.147572525336,20.7702168298403,-0.936318957849121,1123582.74941894,-1052031.82899319,3.21443529674857,1.69265306069568,-326369.356802499
262.6,-0.47391353171399,-21.1580685253209,20.6841549936069,-0.961378604358183,1153654.32522982,-1109098.58510122,3.1230988736348,1.73117923180967,-317473.548399788
262.7,-0.573400895978555,-21.169119097202,20.5957182012235,-0.977285760854066,1172742.91302488,-1146104.95004173,3.02016034110352,1.76502015292644,-307284.259143203
262.8,-0.675010972587337,-21.1806941698168,20.5056831972295,-0.983599482780846,1180319.37933701,-1160961.53103209,2.90605661146423,1.7941918567514,-295826.077136659
262.9,-0.77789490128443,-21.1927583403331,20.4148634390487,-0.980000590430617,1176000.70851674,-1152481.38869323,2.78130965139222,1.81874895588215,-283134.88923871
263,-0.881170843780691,-21.2052708589978,20.3241000152171,-0.966295797679951,1159554.95721594,-1120473.08233672,2.64652312840131,1.83878572642196,-269258.27130937
263.1,-0.9839333262371,-21.218185699331,20.2342523730939,-0.942420452381867,1130904.54285824,-1065787.57088117,2.50237919504129,1.85443737023979,-254255.829002233
263.2,-1.08526278574119,-21.2314517105677,20.1461889248265,-0.908439904229659,1090127.88507559,-990315.671516148,2.34963535263976,1.86588130292262,-238199.454676654
263.3,-1.18423525595021,-21.2450128489092,20.060777592959,-0.864549493003756,1037459.3916045,-896934.99102366,2.18912129624597,1.87333827878829,-221173.462653406
263.4,-1.27993213105982,-21.25880848422,19.9788763531602,-0.811073130980101,973287.757176118,-789407.548557434,2.02173561305274,1.87707314148167,-203274.564047012
263.5,-1.37144994807545,-21.2727737790855,19.9013238310101,-0.748460440340015,898152.528408017,-672231.636904762,1.84844218809644,1.87739498031166,-184611.643928739
263.6,-1.45791012532104,-21.2868401375092,19.8289300121881,-0.677282401251032,812738.881501236,-550453.741253235,1.67026616290555,1.87465647937511,-165305.307608397
263.7,-1.53846859078935,-21.3009357208327,19.7624671300433,-0.598225469689182,717870.563627016,-429448.45510181,1.48828929396205,1.86925226851925,-145487.169224837
263.8,-1.61232522809618,-21.3149860285769,19.7026608004807,-0.512084136239524,614500.963487427,-314676.195105814,1.30364456709922,1.86161612129167,-125298.864317785
263.9,-1.67873306133738,-21.3289145417034,19.650181480366,-0.419751917814003,503702.301376802,-211430.00701024,1.11750994000325,1.85221689336246,-104890.778206256
264,-1.73700709397508,-21.3426434251968,19.6056363312217,-0.322210802973128,386652.963567753,-124583.761863105,0.931101106667056,1.84155315289828,-84420.4933091109
264.1,-1.78653271183425,-21.3560942858041,19.5695615739699,-0.220519207663772,264623.049196526,-58354.4651383894,0.745663204059452,1.83014651886243,-64050.9704274647
264.2,-1.82677355704463,-21.3691889792431,19.5424154221985,-0.115798540831629,138958.248997953,-16091.1624704812,0.562461411787914,1.81853379063549,-43948.4908459107
264.3,-1.85727877875557,-21.3818504592493,19.5245716804938,-0.00921852736711522,11062.2328405375,-101.977496181895,0.382770429757051,1.80725801890772,-24280.3972778898
264.4,-1.87768956784895,-21.3940036585753,19.5163140907263,0.0980185124661019,-117622.214959323,-11529.1545432809,0.207862856509025,1.79685872968807,-5212.68159414143
264.5,-1.88774488655883,-21.4055763896478,19.517831503089,0.204694174953926,-245633.009944711,-50279.6463120821,0.0389965318398626,1.78786156691154,13092.5245841238
264.6,-1.88728630950649,-21.4165002502219,19.5292139407154,0.30959097290399,-371509.167484787,-115015.884604367,-0.122599048966895,1.78076766132422,30479.4943901462
264.7,-1.87626189961522,-21.4267115172651,19.5504496176499,0.411509475167963,-493811.370201555,-203208.057783615,-0.275737096042302,1.77604306150453,46801.4198024326
264.8,-1.85472905002431,-21.4361520107019,19.5814229606776,0.509285202678274,-611142.243213928,-311245.70120046,-0.419288460760393,1.77410857522405,61922.8289700913
264.9,-1.82285623083494,-21.4447699077313,19.6219136768964,0.601804879062539,-722165.854875045,-434602.934956172,-0.552196899853046,1.77533036493291,75721.8422293351
265,-1.78092358678077,-21.4525204883923,19.6715969016115,0.688021635245868,-825625.96229504,-568048.524679677,-0.673494377346417,1.78001162000094,88092.2065941452
265.1,-1.72932233844386,-21.4593667939692,19.7300444555254,0.766968792543306,-920362.551051965,-705889.354482402,-0.782316075107854,1.78838559145817,98945.0550925771
265.2,-1.66855294546043,-21.4652801817394,19.7967272362789,0.83777189918816,-1005326.27902579,-842234.106083203,-0.877914751834766,1.80061022428164,108210.345808559
265.3,-1.59922199564553,-21.4702407623877,19.8710187667421,0.899658770096535,-1079590.52411584,-971263.08313393,-0.959674069866256,1.81676456050972,115837.945436398
265.4,-1.52203778979997,-21.4742377100082,19.9521999202082,0.951967375062206,-1142360.85007464,-1087490.25981939,-1.02712050171117,1.83684701701693,121798.333073613
265.5,-1.4378045990858,-21.4772694387348,20.039464839649,0.994151529711238,-1192981.83565348,-1186004.71683263,-1.07993343558403,1.86077556846717,126082.911364592
265.6,-1.34741558134845,-21.4793436444234,20.131928063075,1.02578445716636,-1230941.34859963,-1262680.50307691,-1.11795312266671,1.88838979278042,128703.923476918
265.7,-1.25184435569778,-21.4804772141232,20.2286328584254,1.04656039567636,-1255872.47481162,-1314346.3941579,-1.14118614845895,1.91945466731262,129693.985300557
265.8,-1.15213525194266,-21.4806960100244,20.3285607580817,1.05629451737699,-1267553.42085239,-1338909.72892883,-1.14980816560402,1.95366594243818,129105.252327302
265.9,-1.04939227368735,-21.4800345378742,20.4306422641869,1.05492148595731,-1265905.78314877,-1335431.20984125,-1.14416369412553,1.99065686834685,127008.249589064
266,-0.944766841176307,-21.4785355123017,20.5337686711254,1.04249300896759,-1250991.61076111,-1304150.00849556,-1.12476287436287,2.03000601287557,123490.40058452
266.1,-0.839444411909813,-21.4762493329567,20.6368049210469,1.01917473018771,-1223009.67622525,-1246460.55678382,-1.09227514464738,2.07124588446996,118654.297158509
266.2,-0.734630112674051,-21.473233485811,20.7386033731369,0.985242759609386,-1182291.31153126,-1164843.95443526,-1.04751990611912,2.11387206535311,112615.756743122
266.3,-0.631533554424163,-21.4695518834531,20.838018329029,0.941080058359143,-1129296.07003097,-1062758.01148949,-0.991454327105505,2.15735256520212,105501.71621056
266.4,-0.531353039471302,-21.4652741568815,20.9339211174102,0.887172792406221,-1064607.35088746,-944490.67630302,-0.925158525347717,2.20113712379164,97448.0128625352
266.5,-0.435259406393271,-21.4604749093783,21.025215502985,0.824106654124706,-988927.984949644,-814982.132847139,-0.849818444564808,2.24466622016057,88597.1028660821
266.6,-0.344379789628313,-21.4552329408003,21.110853151172,0.752563038082777,-903075.645699331,-679621.351546054,-0.766706809345131,2.28737958338279,79095.7658497194
266.7,-0.259781595512635,-21.449630448325,21.1898488528123,0.673314859982772,-807977.831979325,-544023.480808342,-0.67716259665124,2.32872404315239,69092.8415316395
266.8,-0.182457012547811,-21.4437522076156,21.2612951950678,0.587221736877027,-704666.084252431,-413795.241913046,-0.582569501402956,2.36816060421085,58737.0403209308
266.9,-0.113308379349455,-21.4376847367521,21.3243763574027,0.495224210976946,-594269.053172334,-294296.422965286,-0.484333896350941,2.405170674328,48174.8649929936
267,-0.0531347280395025,-21.431515444271,21.3783807162315,0.398336702947146,-478004.043536574,-190406.554697763,-0.383862792069543,2.43926141856232,37548.6749906966
267.1,-0.00261980348908963,-21.4253317623874,21.4227119588983,0.297638923590701,-357166.708308839,-106306.714603477,-0.282542291314996,2.46997025074656,26994.9188607871
267.2,0.0376781698052611,-21.4192202669252,21.4568984367305,0.194265551147529,-233118.661377035,-45286.9252351838,-0.181717003806505,2.49686850496936,16642.5540318583
267.3,0.0673347402430373,-21.4132657866202,21.4806005268632,0.0893940873239042,-107272.904788685,-9589.56341816855,-0.082670843975317,2.5195643542197,6611.66681465937
267.4,0.0860653153975264,-21.4075505061356,21.4936158215331,-0.0157690716734229,18922.8860081071,-298.396345729853,0.0133904226272099,2.53770505987551,-2987.70060449458
267.5,0.0937289501116894,-21.4021530691787,21.4958820192904,-0.120004184104714,144005.020925656,-17281.2050431656,0.105354586114373,2.5509786444458,-12056.5150746974
267.6,0.0903297621087447,-21.3971476903093,21.487477452418,-0.222095044152797,266514.052983357,-59191.4503646796,0.192216129086422,2.55911508148942,-20507.5132163192
267.7,0.0760159598156349,-21.3926032861695,21.4686192459852,-0.320846802638303,385016.163165963,-123531.204915867,0.273086949105685,2.56188709189207,-28265.7661106376
267.8,0.0510765249510499,-21.3885826387454,21.4396591636964,-0.415104253283622,498125.103940346,-206773.849312984,0.347204601096941,2.55911062591419,-35269.0593402532
267.9,0.015935646835981,-21.3851416046995,21.4010772515355,-0.503770061114778,604524.073337732,-304541.129370704,0.41393806864051,2.55064509700521,-41468.1020310735
268,-0.0288549456112008,-21.3823283856834,21.3534734400722,-0.585822393024619,702986.871629543,-411825.45140291,0.472791140333663,2.53639341772577,-46826.5797679079
268.1,-0.0826255661441131,-21.3801828747489,21.2975573086048,-0.660331426304545,792397.711565452,-523245.111078472,0.523403524181886,2.51630187156383,-51321.066483571
268.2,-0.144599845515923,-21.3787360935157,21.2341362479997,-0.726474255569841,871769.106683807,-633317.812806904,0.565549877217972,2.49035983814769,-54940.8097500291
268.3,-0.213907449949534,-21.3780097336404,21.1641022836908,-0.783547786373329,940257.343647993,-736736.560236651,0.599136958057323,2.45859937430057,-57687.4024733196
268.4,-0.289597978602185,-21.3780158144331,21.0884178358309,-0.830979288087663,997175.145705193,-828631.892676813,0.62419912670532,2.42109464024522,-59574.3519968118
268.5,-0.370655765728038,-21.3787564662847,21.0081007005567,-0.868334372091048,1042001.24650925,-904805.498105703,0.640892419416442,2.37796114949829,-60626.555265493
268.6,-0.456015311443139,-21.3802238470203,20.9242085355772,-0.895322257021084,1074386.7084253,-961922.332700792,0.649487418370598,2.32935481281074,-60879.6862311477
268.7,-0.544577069563804,-21.3824001955065,20.8378231259427,-0.911798274928731,1094157.92991447,-997651.31299561,0.650361118621211,2.27547074095189,-60379.4993228185
268.8,-0.635223330789703,-21.3852580239418,20.7500346931521,-0.917763655975413,1101316.38717049,-1010748.15387523,0.643987970835095,2.21654176812718,-59181.0507975655
268.9,-0.726833953351896,-21.388760447359,20.6619264940071,-0.913362701786393,1096035.24214367,-1001077.71001745,0.630930250621613,2.1528366572377,-57347.8383288466
269,-0.818301709994095,-21.3928616460714,20.5745599360773,-0.898877517084173,1078653.020501,-969576.948863287,0.611827876548556,2.08465794992138,-54950.85845347
269.1,-0.908547038755565,-21.3975074541671,20.4889604154115,-0.874720515423142,1049664.61850777,-918163.176122551,0.587387771878475,2.01233942830052,-52067.5816058376
269.2,-0.996532004589017,-21.402636064768,20.4061040601789,-0.841424948338853,1009709.93800662,-849595.132424447,0.558372841922936,1.93624316161518,-48780.8454874931
269.3,-1.08127329868041,-21.4081788406527,20.3269055419723,-0.799633729240858,959560.475089027,-767296.921127568,0.525590621585063,1.85675611952866,-45177.6694569812
269.4,-1.16185412194898,-21.4140612170253,20.2522070950764,-0.75008683544624,900104.202535485,-675156.312851703,0.489881637561843,1.77428634496677,-41347.9954221302
269.5,-1.23743481831158,-21.4202036817073,20.1827688633958,-0.693607575443194,832329.090531831,-577309.762454622,0.452107527727425,1.68925869298932,-37383.3642534535
269.6,-1.30726214179987,-21.4265228168551,20.1192606750552,-0.631088005235804,757305.606282963,-477926.484423006,0.413138966810722,1.60211015838637,-33375.5408338056
269.7,-1.37067705959452,-21.4329323854544,20.0622553258599,-0.56347376870227,676168.522442722,-381003.225618646,0.373843462454078,1.51328483326495,-29415.1052843851
269.8,-1.42712101069225,-21.4393444453356,20.0122234346433,-0.491748623369822,590098.348043784,-290180.050303337,0.335073108349826,1.42322855642418,-25590.0323877374
269.9,-1.47614055755618,-21.4456704732797,19.9695299157235,-0.416918895844333,500302.675013198,-208585.638854469,0.297652410048822,1.33238333809586,-21984.2854629723
270,-1.51739038608804,-21.4518224819619,19.9344320958739,-0.339998091320534,407997.709584641,-138718.442521927,0.262366332263231,1.2411816656309,-18676.4546218053
270.1,-1.55063462800032,-21.4577141129829,19.9070794849826,-0.261991860249254,314390.232299105,-82367.6818042377,0.229948751515165,1.1500408166297,-15738.4721346045
270.2,-1.57574649954602,-21.4632616900691,19.8875151905231,-0.183883503643223,220660.204371867,-40575.7714945286,0.201071531793999,1.05935732430785,-13234.4392736624
270.3,-1.59270627192072,-21.4683852176451,19.8756789457244,-0.106620178126252,127944.213751502,-13641.4348604085,0.17633447011227,0.969501753894292,-11219.5992278801
270.4,-1.6015976117331,-21.4730093113549,19.8714116996218,-0.0310999442104588,37319.9330525507,-1160.64783587238,0.156256379986597,0.880813956922875,-9739.48931053925
270.5,-1.60260235485459,-21.4770640486746,19.87446169382,0.0418402121454927,-50208.2545745916,-2100.72402285582,0.141267590528068,0.793598970909285,-8829.30259931887
270.6,-1.59599380363477,-21.4804857294607,19.8844919258259,0.111435262807222,-133722.315368665,-14901.3813562974,0.131704134034452,0.708123723938528,-8513.4843374854
270.7,-1.58212866561199,-21.483217538032,19.9010888724201,0.177001806108894,-212402.167330672,-37595.5672389724,0.12780387348656,0.624614686432006,-8805.58197310011
270.8,-1.56143778090665,-21.4852101001366,19.9237723192299,0.237946398522589,-285535.678227106,-67942.1862838446,0.129704781927922,0.543256585724499,-9708.35981346208
270.9,-1.53441581463683,-21.4864219298407,19.9520061152039,0.29377242020676,-352526.904248111,-103562.681848964,0.137445528362789,0.464192263640639,-11214.1802253601
271,-1.50161011885169,-21.4868197629712,19.9852096441195,0.344085337052344,-412902.404462813,-142073.66300931,0.150968450952694,0.387523714298301,-13305.6435144647
271.1,-1.4636089943177,-21.4863787752167,20.022769780899,0.388596215542787,-466315.458651344,-181208.422481011,0.17012491077653,0.313314290824921,-15956.4685431289
271.2,-1.42102960452691,-21.4850826843811,20.0640530798542,0.427123346332899,-512548.015599478,-218921.223579136,0.194682922448843,0.241592018057787,-19132.5863199184
271.3,-1.37450581096589,-21.4829237375963,20.1084179266304,0.459591842006269,-551510.210407522,-253469.593486458,0.224336856813668,0.172353896525917,-22793.4097601685
271.4,-1.32467620847327,-21.4799025856155,20.1552263771423,0.48603109761435,-583237.317137219,-283471.473417851,0.25871891190211,0.10557103420556,-26893.2351014026
271.5,-1.27217264109115,-21.4760280476583,20.2038554065671,0.506570041907396,-607884.050288874,-307935.848829672,0.297411957890658,0.0411943998159067,-31382.7245331265
271.6,-1.21760947115858,-21.4713167717286,20.25370730057,0.521430163637037,-625716.196364443,-326267.298660656,0.339963286328678,-0.0208390423589878,-36210.4158513951
271.7,-1.16157385691966,-21.4657927969083,20.3042189399887,0.53091636998926,-637099.64398711,-338246.630307086,0.385898739175726,-0.0806000785757056,-41324.2036412027
271.8,-1.10461726656522,-21.4594870258345,20.3548697592693,0.535405820040059,-642486.98404807,-343991.270559321,0.434736663817341,-0.138161144478031,-46672.7377524472
271.9,-1.04724841991624,-21.4524366173834,20.4051881974672,0.53533497007498,-642401.964089974,-343900.236222215,0.486001139261641,-0.193590643838064,-52206.6886470883
272,-0.989927803997002,-21.444684311436,20.454756507439,0.53118516304303,-637422.195651635,-338589.21292446,0.539233947339061,-0.246947935602808,-57879.8353861852
272.1,-0.933063857185701,-21.4362776993887,20.503213842203,0.523467183715398,-628160.620458476,-328821.470912316,0.594004820093445,-0.298279205662358,-63649.9402873115
272.2,-0.877010860574288,-21.4272684556905,20.5502575951162,0.512705276483848,-615246.331780616,-315440.040641254,0.649919577821507,-0.347614396178574,-69479.3841886896
272.3,-0.822068517049956,-21.4177115469929,20.5956430299429,0.499421176995994,-599305.412395191,-299305.814438476,0.706625876735405,-0.394965312549856,-75335.547289021
272.4,-0.768483141034537,-21.4076644363746,20.6391812953401,0.484118736238494,-580942.483486191,-281245.140932587,0.763816404871,-0.4403249690978,-81190.9321166429
272.5,-0.716450327406989,-21.3971863004313,20.6807359730243,0.467269712542807,-560723.655051367,-262009.181111804,0.821229492525992,-0.483668172668119,-87023.0367215474
272.6,-0.666118919358809,-21.3863372767305,20.7202183573717,0.449301272032823,-539161.526439386,-242245.959660375,0.878647231616358,-0.524953282008906,-92813.9970957245
272.7,-0.617596053970836,-21.3751777581731,20.7575817042023,0.430585672533298,-516702.807039956,-222484.825669142,0.935891319423217,-0.564125023413741,-98550.027574819
272.8,-0.570953032915696,-21.3637677491856,20.7928147162699,0.41143251356096,-493719.016273151,-203132.055858107,0.992816949441492,-0.601118192797859,-104220.696096534
272.9,-0.526231745143363,-21.3521662964287,20.8259345512854,0.392083821340838,-470500.585609004,-184475.66754868,1.04930515970366,-0.635862033743959,-109818.077326935
273,-0.483451359403052,-21.3404310039487,20.8569796445457,0.372712109830133,-447254.531796159,-166697.180176835,1.10525411273176,-0.668285052124893,-115335.830568696
273.1,-0.442615007126182,-21.3286176395206,20.8860026323944,0.353421424216989,-424105.709060386,-149888.043714678,1.16056981849549,-0.698320011978559,-120768.250914207
273.2,-0.403716190118462,-21.3167798355051,20.9130636453867,0.334251240082109,-401101.48809853,-134068.669795713,1.21515682144764,-0.72590885489793,-126109.341306833
273.3,-0.366744671750499,-21.3049688840084,20.9382242122579,0.315182966640056,-378219.559968066,-119208.362952032,1.26890935552864,-0.751007296050819,-131351.950152942
273.4,-0.331691643517736,-21.2932336226648,20.9615419791471,0.296148692515536,-355378.431018643,-105244.857694394,1.32170342910644,-0.773588873067886,-136487.014122877
273.5,-0.298553999228012,-21.2816204041283,20.9830664049002,0.27704172238747,-332450.066864963,-92102.5391320989,1.37339023849698,-0.793648257789879,-141502.939121498
273.6,-0.267337594674188,-21.2701731394805,21.0028355448063,0.257728386159093,-309274.063390911,-79708.7052386045,1.42379122827637,-0.811203683069003,-146385.144499957
273.7,-0.238059419309593,-21.2589334033904,21.0208739840808,0.238060561252778,-285672.673503333,-68007.3969887851,1.47269502395555,-0.826298384909801,-151115.786868736
273.8,-0.210748655964998,-21.2479405870658,21.0371919311008,0.217888333982933,-261466.000779518,-56970.3913030294,1.51985636296358,-0.839001011422325,-155673.670826511
273.9,-0.185446652876546,-21.2372320839031,21.0517854310266,0.197072237290291,-236486.684748348,-46604.9600527207,1.56499704853054,-0.849405001500167,-160034.345002937
274,-0.162205877231447,-21.226843492291,21.0646376150596,0.175494537903145,-210593.445483774,-36957.9994006062,1.60780885300373,-0.85762698509556,-164170.373457448
274.1,-0.141087959309644,-21.2168088202621,21.0757208609525,0.153069103773595,-183682.924528313,-28116.1806360618,1.64795820695362,-0.863804300977323,-168051.765058622
274.2,-0.122160969634471,-21.2071606775857,21.0849997079513,0.12974945918511,-155699.351022132,-20201.9065905943,1.68509243208347,-0.868091764857041,-171646.537295881
274.3,-0.10549609723007,-21.1979304423877,21.0924343451576,0.105534726361425,-126641.671633709,-13365.0941618169,1.71884721262704,-0.870657849189104,-174921.386268861
274.4,-0.0911639143964713,-21.1891483913976,21.0979844770012,0.0804732543377476,-96567.9052052968,-7771.13359644935,1.74885495389984,-0.871680454794376,-177842.43148943
274.5,-0.0792304220415332,-21.1808437853391,21.1016133632976,0.0546638435355782,-65596.6122426937,-3585.7629480986,1.77475364930781,-0.87134246332904,-180376.002653514
274.6,-0.0697530696415427,-21.1730449036863,21.1032918340447,0.0282545829743722,-33905.4995692464,-957.985750866814,1.79619586878576,-0.869827258712297,-182489.435642855
274.7,-0.0627769358073849,-21.1657790258682,21.1030020900609,0.00143942142622367,-1727.30571146812,-2.48632085072573,1.81285749175091,-0.867314395675885,-184151.846569895
274.8,-0.0583312400130254,-21.1590723588808,21.1007411188677,-0.0255473106303212,30656.772756385,-783.198096530537,1.82444583474085,-0.863975575804601,-185334.855487488
274.9,-0.0564263343786351,-21.1529499140297,21.0965235796511,-0.0524381289185226,62925.754702227,-3299.70883737071,1.83070686570233,-0.859971067358672,-186013.235206761
275,-0.0570512977823903,-21.1474353380586,21.0903840402762,-0.078941007935297,94729.2095223559,-7478.01928060871,1.83143125052208,-0.855446676598582,-186165.465230449
275.1,-0.0601722244275464,-21.1425507060987,21.0823784816711,-0.104748966416364,125698.759699637,-13166.815158356,1.82645903951197,-0.850531347167913,-185774.175834601
275.2,-0.0657312668001495,-21.1383162856376,21.0725850188374,-0.129550188257466,155460.225908959,-20139.9015330538,1.81568286860616,-0.845335432200287,-184826.472545214
275.3,-0.0736464601874935,-21.1347502819697,21.0611038217822,-0.153038237170364,183645.884604437,-28104.8424434552,1.79904961840205,-0.839949652930771,-183314.136406727
275.4,-0.0838123239804176,-21.1318685763353,21.0480562523549,-0.174921939774,209906.327728799,-36717.2220171585,1.7765605404633,-0.834444729194994,-181233.700308467
275.5,-0.0961012051074022,-21.1296844681677,21.0335832630603,-0.194934547180062,233921.456616074,-45599.3732211551,1.74826992145298,-0.828871642462295,-178586.406046264
275.6,-0.110365302221243,-21.1282084325613,21.01784313034,-0.212841836706339,255410.204047606,-54361.9769430331,1.71428240914257,-0.823262471785781,-175378.050617266
275.7,-0.12643928654078,-21.1274479033026,21.0010086167618,-0.228448879664732,274138.655597678,-62626.6687440855,1.67474916823281,-0.817631727706339,-171618.733389236
275.8,-0.144143417171787,-21.1274070906142,20.9832636734424,-0.241605274237705,289926.329085245,-70047.7302473719,1.62986306698533,-0.81197809881053,-167322.518205437
275.9,-0.163287035684707,-21.1280868412414,20.9647998055567,-0.252208720046695,302650.464056033,-76331.0861611104,1.57985311733928,-0.806286520095007,-162507.026173682
276,-0.183672316867469,-21.1294845467375,20.94581222987,-0.260206888920795,312248.266704954,-81249.1500502068,1.52497840155504,-0.800530471065195,-157192.975864072
276.1,-0.205098149833034,-21.1315941038739,20.9264959540408,-0.265597620656608,318717.144787928,-84650.5153181412,1.46552171812907,-0.794674413951355,-151403.687948424
276.2,-0.227364025773522,-21.1344059291078,20.9070419033343,-0.268427539766431,322113.047719717,-86464.0129260706,1.4017831698572,-0.788676287822931,-145164.571015803
276.3,-0.250273815169386,-21.1379070270684,20.887633211899,-0.268789246536443,322547.095843731,-86697.1908643543,1.33407389892057,-0.782489981962904,-138502.604463843
276.4,-0.273639327592957,-21.142081111158,20.8684417835651,-0.266817281113208,320180.737335848,-85429.7538007732,1.26271014936961,-0.776067720912326,-131445.833071953
276.5,-0.297283560687152,-21.1469087726786,20.8496252119915,-0.262683091574173,315219.709889007,-82802.8879187581,1.18800780812186,-0.769362303489443,-124022.88619013
276.6,-0.321043560677829,-21.1523676934391,20.8313241327613,-0.256589255599092,307907.10671891,-79005.6553066754,1.11027754328996,-0.762329148330079,-116262.532507399
276.7,-0.344772834078068,-21.1584328956289,20.8136600615508,-0.24876321079541,298515.852954492,-74259.76205429,1.02982062495046,-0.754928108724529,-108193.279178816
276.8,-0.36834326825235,-21.1650770218767,20.7967337536243,-0.23945074197233,287340.890366796,-68803.9893973192,0.946925479833029,-0.747125029507861,-99843.0217718262
276.9,-0.391646536451415,-21.1722706378727,20.7806241014213,-0.228909456298996,274691.347558794,-62879.4470197221,0.86186499915395,-0.738893028367229,-91238.7491244529
277,-0.414594980093803,-21.1799825497044,20.7653875696106,-0.217402451340226,260882.941608271,-56716.5910184871,0.774894589039044,-0.730213493106275,-82406.3048727394
277.1,-0.437121976844697,-21.1881801281369,20.7510581512922,-0.205192348734723,246230.818481667,-50524.6799751263,0.686250926585325,-0.721076795129564,-73370.2051862779
277.2,-0.459181816929402,-21.196829632417,20.7376478154876,-0.192535830189618,231042.996227541,-44484.0550881665,0.596151362314776,-0.711482727650925,-64153.5102301007
277.3,-0.480749121754656,-21.2058965267626,20.7251474050079,-0.179678774920238,215614.529904285,-38741.354588205,0.504793892120119,-0.701440684821244,-54777.7451261537
277.4,-0.501817848075618,-21.2153457834671,20.7135279353915,-0.166852060924938,200222.473109925,-33407.532281879,0.41235760916602,-0.690969604986744,-45262.8647879049
277.5,-0.522399927561835,-21.2251421674452,20.7027422398834,-0.154268058546132,185121.670255358,-28558.3606651114,0.319003538801651,-0.680097707432216,-35627.2560056388
277.6,-0.542523595740871,-21.2352504980228,20.6927269022819,-0.14211781526136,170541.378313631,-24236.9680975943,0.224875757405832,-0.668862056978498,-25887.7696096975
277.7,-0.562231466116277,-21.2456358847734,20.6834044186571,-0.130568906766163,156682.688119395,-20457.887296933,0.130102699089798,-0.657307994393193,-16059.7754557841
277.8,-0.581578405051847,-21.2562639351765,20.6746855301247,-0.119763911862444,143716.694234932,-17212.0735015142,0.0347985619986547,-0.645488472436323,-6157.23335731186
277.9,-0.600629261150434,-21.2671009327791,20.6664716716286,-0.109819457657576,131783.349189091,-14472.3759362448,-0.0609352619502735,-0.633463337233485,3807.2260956824
278,-0.619456499745567,-21.2781139853532,20.6586574856076,-0.100825776826959,120990.932192351,-12199.0047273117,-0.157008794417633,-0.621298592365505,13822.2157020644
278.1,-0.638137789199497,-21.2892711432277,20.6511333540282,-0.092846719468373,111416.063362047,-10344.6159792465,-0.253342157377171,-0.609065678529091,23877.5041922353
278.2,-0.65675358138315,-21.3005414885319,20.6437879071487,-0.0859201672847127,103104.200741655,-8858.7301754796,-0.349864361839824,-0.59684079496166,33963.9288836159
278.3,-0.675384724383139,-21.3118951965169,20.6365104721337,-0.0800588061107312,96070.5673328772,-7691.29492305076,-0.446512201285645,-0.58470428032222,44073.3084780731
278.4,-0.694110141458211,-21.323303570436,20.6291934289778,-0.0752512226416439,90301.4671699724,-6795.29581087469,-0.54322923379561,-0.572740060852782,54198.3544137756
278.5,-0.713004606786793,-21.3347390516786,20.6217344448918,-0.0714633011028767,85755.9613234518,-6128.40408542449,-0.639964820660402,-0.561035163057418,64332.5777986911
278.6,-0.732136645753609,-21.3461752069973,20.6140385612437,-0.0686399041088066,82367.8849305677,-5653.72372327938,-0.736673176804598,-0.549679277612087,74470.1879312296
278.7,-0.751566585456072,-21.3575866947742,20.6060201093181,-0.0667068279093923,80048.1934912706,-5339.76106767993,-0.833312380780442,-0.538764351625163,84605.9778677583
278.8,-0.771344779717548,-21.368949212355,20.5976044326374,-0.0655730247540112,78687.6297048132,-5159.78589046818,-0.929843290152057,-0.528384178590347,94735.1925090219
278.9,-0.791510032028473,-21.3802394265873,20.5887293945588,-0.0651330837349535,78159.700481944,-5090.78231618934,-1.02622831223908,-0.51863395023376,104853.375291048
279,-0.812088239281064,-21.3914348898253,20.5793466505442,-0.0652699561500384,78323.947380046,-5112.20061099352,-1.12242999042,-0.509609732639472,114956.190778527
279.1,-0.833091278647508,-21.4025139438401,20.5694226651925,-0.0658579025013734,79029.4830016479,-5204.71598625647,-1.21840938204711,-0.501407831011899,125039.222218677
279.2,-0.85451615917534,-21.4134556142922,20.5589394551169,-0.0667656264612028,80118.7517534432,-5349.17865210822,-1.31412422456919,-0.49412401339196,135097.74532118
279.3,-0.876344458335193,-21.4242394986793,20.5478950403441,-0.0678595475370449,81431.4570444537,-5525.90183031894,-1.40952691033943,-0.487852573458777,145126.482040389
279.4,-0.898542061577626,-21.4348456509446,20.536303589367,-0.0690071500332466,82808.5800398957,-5714.38410685319,-1.50456231609477,-0.482685225752575,155119.3407683
279.5,-0.921059219710173,-21.4452544662061,20.5241952464959,-0.070080332629812,84096.3991557742,-5893.50362580609,-1.59916555827432,-0.478709842448933,165069.151894363
279.6,-0.943830934438374,-21.4554465692972,20.5116156348588,-0.0709586718765331,85150.4062518395,-6042.15973737777,-1.69325976813147,-0.476009058108742,174967.409933718
279.7,-0.966777676661358,-21.4654027109793,20.4986250343179,-0.0715325054023516,85839.0064828216,-6140.27919496493,-1.78675399896194,-0.474658786304989,184804.035156843
279.8,-0.989806435110545,-21.4751036757469,20.4852972406363,-0.0717057376955656,86046.8852346784,-6170.05538215829,-1.87954138988822,-0.474726708234309,194567.16868114
279.9,-1.01281208481191,-21.4845302050775,20.4717181202656,-0.0713982736027461,85677.9283232951,-6117.25616814309,-1.97149771502868,-0.476270806880094,204243.015157233
280,-1.03567905588325,-21.4936629397518,20.4579838838685,-0.0705479924800421,84657.5909760503,-5972.42309155688,-2.06248044253065,-0.479338029621021,213815.746401266
280.1,-1.05828327368256,-21.5024823844712,20.4441991107886,-0.0691121889988121,82934.6267985744,-5731.79360184902,-2.1523284144332,-0.483963166205748,223267.477554534
280.2,-1.08049433171088,-21.5109688974324,20.4304745657216,-0.0670684242807192,80482.1091368629,-5397.80824259827,-2.24086223585635,-0.490168026900293,232578.324629281
280.3,-1.10217784939968,-21.5191027067847,20.416924857385,-0.0644147522249214,77297.7026699055,-4979.11236503761,-2.327885431453,-0.497960996938215,241726.548732516
280.4,-1.1231979584596,-21.5268639550277,20.4036659965681,-0.0611693091898976,73403.1710278769,-4490.02126412313,-2.41318638989834,-0.507337028229031,250688.788024754
280.5,-1.1434198543081,-21.5342327714399,20.3908129171318,-0.0573692790357178,68843.1348428611,-3949.48101249364,-2.49654107546578,-0.518278108184888,259440.373803035
280.6,-1.16271234367071,-21.5411893716042,20.3784770279335,-0.0530692683517428,63683.1220220913,-3379.61669206715,-2.57771644192047,-0.530754219589639,267955.7222779
280.7,-1.18095031614592,-21.5477141820739,20.366763865928,-0.0483391470974581,58006.9765169495,-2804.00777053162,-2.65647444079812,-0.544724776189319,276208.788948914
280.8,-1.1980170666419,-21.5537879872603,20.3557709206184,-0.043261426804504,51913.7121654047,-2245.86125899374,-2.73257647647857,-0.560140488017539,284173.56828564
280.9,-1.21380639734011,-21.5593920947622,20.3455856974221,-0.0379282612939198,45513.9135527036,-1726.26360573582,-2.80578812706567,-0.576945580505253,291824.617986717
281,-1.22822443231506,-21.5645085146638,20.3362840823488,-0.0324381633993168,38925.79607918,-1262.68133366492,-2.87588392541743,-0.595080264363172,299137.584677052
281.1,-1.24119108512276,-21.5691201478162,20.3279290626934,-0.0268925357492103,32271.0428990523,-867.850174827064,-2.94265198073035,-0.614483331182882,306089.706712607
281.2,-1.25264112942603,-21.5732109778286,20.3205698484026,-0.0213921148983696,25670.5378780434,-549.147095790052,-3.00589821924079,-0.635094734541334,312660.269920669
281.3,-1.26252483479689,-21.5767662614261,20.3142414266292,-0.0160334268615447,19240.1122338535,-308.484932309401,-3.06545003348473,-0.656858009565609,318830.993653007
281.4,-1.27080814385763,-21.57977271197,20.3089645681124,-0.0109053492736437,13086.4191283723,-142.711971336192,-3.12115915295723,-0.679722386333631,324586.327422041
281.5,-1.27747238241808,-21.5822186712765,20.3047462888585,-0.00608587171331046,7303.04605597262,-44.4454014130473,-3.17290358390129,-0.703644464431541,329913.642488897
281.6,-1.28251351067637,-21.5840942653587,20.3015807546823,-0.0016391416319513,1966.96995834152,-3.22414234751509,-3.22058851050674,-0.728589337058957,334803.307857956
281.7,-1.28594094023661,-21.5853915403369,20.2994506001003,0.0023871210862412,-2864.54530348945,-6.83801649645286,-3.26414610150339,-0.754531082191845,339248.645917427
281.8,-1.28777595797704,-21.5861045754559,20.2983286174789,0.005963762930621,-7156.51551674517,-42.6797619511789,-3.30353422194926,-0.781452573782386,343245.769111392
281.9,-1.28804981297527,-21.5862295708876,20.2981797579123,0.00908181715036868,-10898.1805804424,-98.9752833032769,-3.33873410657861,-0.809344605586561,346793.305169362
282,-1.28680153607469,-21.585764908745,20.2989633726703,0.0117535421036529,-14104.2505243834,-165.774902378809,-3.3697471049253,-0.838204361391894,349892.024184987
282.1,-1.2840755726254,-21.5847111864629,20.3006356138375,0.014012824839298,-16815.3898071575,-235.631111972215,-3.39659065626372,-0.868033305418709,352544.385878211
282.2,-1.27991931690857,-21.5830712223945,20.3031519054859,0.0159149113771586,-19097.8936525904,-303.941284971376,-3.41929369128522,-0.898834602759425,354754.029392944
282.3,-1.2743806413347,-21.5808500341198,20.3064693927851,0.0175354429260291,-21042.531511235,-368.990110334431,-3.43789168502629,-0.930610209398158,356525.230740222
282.4,-1.26750551442968,-21.5780547905589,20.3105492761292,0.0189687984595114,-22762.5581514137,-431.778377997075,-3.45242160032152,-0.963357792531413,357862.354342905
282.5,-1.25933579879614,-21.5746947395259,20.3153589407298,0.020325768017264,-24390.9216207168,-495.764214589958,-3.46291696228525,-0.99706765308284,358769.325014028
282.6,-1.24990731375843,-21.5707811128577,20.3208737990993,0.0217306067178852,-26076.7280614622,-566.663121992875,-3.46940329226741,-1.0317198226646,359249.145145587
282.7,-1.23924823754449,-21.5663270116949,20.3270787741504,0.0233175453068821,-27981.0543682585,-652.449502966198,-3.47189410551099,-1.06728149674567,359303.479029602
282.8,-1.2273779110733,-21.5613472748959,20.3339693638226,0.0252268574453799,-30272.2289344558,-763.673203883423,-3.47038764229266,-1.1037049451821,358932.32229326
282.9,-1.21430609028694,-21.5558583339062,20.3415522436192,0.0276006051489187,-33120.7261787024,-914.152085503823,-3.46486446022262,-1.14092601201108,358133.769684557
283,-1.20003267718181,-21.5498780576941,20.3498453805123,0.0305782002144325,-36693.8402573189,-1122.0315940247,-3.45528596861966,-1.17886328059292,356903.88921828
283.1,-1.18454794200133,-21.5434255915797,20.3588776495783,0.0342919298232146,-41150.3157878575,-1411.12374120033,-3.44159393766194,-1.21741794034967,355236.705327254
283.2,-1.16783323121633,-21.5365211939133,20.368687962697,0.0388625979005342,-46635.1174806409,-1812.36181869432,-3.42371096848606,-1.25647435030955,353124.288497023
283.3,-1.14986213866929,-21.5291860745998,20.3793239359305,0.0443954298895335,-53274.5158674401,-2365.14503409178,-3.40154186841765,-1.2959012552903,350556.944198059
283.4,-1.13060210125503,-21.5214422393882,20.3908401381332,0.0509763775592124,-61171.6530710547,-3118.30928287124,-3.37497584040813,-1.33555357554108,347523.490019565
283.5,-1.11001636630632,-21.513312343658,20.4032959773516,0.0586689430638434,-70402.7316766119,-4130.45385627419,-3.34388936919925,-1.37527466233619,344011.606933311
283.6,-1.08806626587573,-21.5048195591181,20.4167532932424,0.0675116189409862,-81013.9427291834,-5469.38243043951,-3.308149669639,-1.41489889214495,340008.248673999
283.7,-1.06471372364198,-21.4959874564011,20.4312737327592,0.0775160146927332,-93019.2176312797,-7210.47904061282,-3.2676185550201,-1.45425446167645,335500.092327975
283.8,-1.03992391336701,-21.4868399059857,20.4469159926187,0.0886657128894843,-106398.855467381,-9433.93037064053,-3.22215658461458,-1.4931662456352,330474.013306538
283.9,-1.01366798370923,-21.4774009992355,20.4637330155263,0.100915870281788,-121099.044338145,-12220.8154496768,-3.17162735836472,-1.53145858796679,324917.568803755
284,-0.985925762669375,-21.4676949906248,20.4817692279554,0.114193554003895,-137032.264804674,-15648.2013312486,-3.11590184106118,-1.56895791453176,318819.475406422
284.1,-0.95668835583783,-21.4577462614498,20.5010579056119,0.128398781116142,-154078.53733937,-19783.4963905331,-3.05486261605644,-1.60549507871209,312170.068505842
284.2,-0.925960555707555,-21.4475793045488,20.5216187488412,0.143406212538218,-172087.455045862,-24678.4101534679,-2.9884079872774,-1.64090737915811,304961.733316361
284.3,-0.893762984375527,-21.4372187287916,20.5434557444161,0.159067440398738,-190880.928478485,-30362.9407140071,-2.91645586577541,-1.67504021819281,297189.29940558
284.4,-0.860133898752284,-21.4266892813926,20.5665553826403,0.175213800885431,-210256.561062517,-36839.8512248634,-2.8389473913771,-1.70774839773513,288850.392492046
284.5,-0.82513059573882,-21.4160158854806,20.5908852897418,0.191659642132286,-229991.570558743,-44080.1021067312,-2.75585024977832,-1.7388970745946,279945.738726809
284.6,-0.788830364567701,-21.4052236898455,20.6163933252778,0.208205977290296,-249847.172748354,-52019.6747752884,-2.66716164991487,-1.76836241662801,270479.417670692
284.7,-0.751330944542321,-21.3943381273902,20.6430071828478,0.224644455052374,-269573.346062848,-60558.1574229333,-2.57291092563958,-1.79603201409625,260459.060705976
284.8,-0.712750458690572,-21.3833849785603,20.6706345198697,0.240761581677898,-288913.898013477,-69559.3670544515,-2.47316172037787,-1.82180510586119,249895.991747228
284.9,-0.673226807339812,-21.372390435891,20.6991636285512,0.256343128146466,-307611.753775759,-78854.1592174985,-2.36801370495303,-1.84559267780424,238805.306970725
285,-0.632916520274211,-21.3613811657982,20.728464645524,0.271178651907103,-325414.382288523,-88245.4335001845,-2.25760376916602,-1.86731748175556,227205.890042028
285.1,-0.591993081860469,-21.3503843638249,20.7583912819645,0.285066053771895,-342079.264526273,-97515.1860156968,-2.14210661934914,-1.88691400867981,215120.359189537
285.2,-0.550644760146024,-21.3394277997178,20.7887830395718,0.297816076608186,-357379.291929823,-106433.298583551,-2.0217347094972,-1.90432843178662,202574.942653761
285.3,-0.509071988144971,-21.3285398489283,20.8194678607834,0.309256634337903,-371107.961205483,-114767.599058409,-1.89673743508698,-1.91951851588076,189599.279720617
285.4,-0.467484362881784,-21.317749507397,20.8502651445152,0.319236839101255,-383084.206921505,-122294.591327232,-1.76739952829415,-1.93245347102784,176226.145859532
285.5,-0.426097344650081,-21.3070863867724,20.8809890421224,0.32763057399078,-393156.688788935,-128810.151616233,-1.63403861231053,-1.94311371377523,162491.102505344
285.6,-0.385128754593079,-21.2965806875516,20.9114519329586,0.33433944197788,-401207.330373455,-134139.434954496,-1.49700190127786,-1.95149048970286,148432.074740125
285.7,-0.344795182224374,-21.2862631480011,20.9414679657767,0.339294912429306,-407153.894915166,-138145.245120492,-1.35666207038976,-1.95758530843618,134088.863455068
285.8,-0.305308424902794,-21.2761649671689,20.9708565422661,0.342459488807373,-410951.386568846,-140734.201769048,-1.21341236629227,-1.96140914722047,119502.602328783
285.9,-0.266872087560213,-21.2663177008383,20.9994456132781,0.343826738071324,-412592.085685588,-141860.19097532,-1.06766107832251,-1.96298139176282,104715.173899753
286,-0.229678472242369,-21.2567531299366,21.0270746576942,0.343420056163887,-412104.067396663,-141524.801970728,-0.919825542771966,-1.96232850255006,89768.6028359414
286.1,-0.193905882511132,-21.2475031017245,21.0535972192133,0.341290095431235,-409548.114517481,-139774.715087353,-0.770325901025341,-1.95948241976919,74704.447881687
286.2,-0.159716456987745,-21.2385993450529,21.0788828880652,0.337510847649162,-405013.017178993,-136696.286737026,-0.619578873604806,-1.95447874819825,59563.216556638
286.3,-0.127254629147906,-21.2300732620794,21.1028186329315,0.332174457257156,-398609.348708586,-132407.844064903,-0.467991841447244,-1.94735479245826,44383.8281855314
286.4,-0.096646287171783,-21.2219557000574,21.1253094128856,0.325384928277028,-390461.913932433,-127050.421859816,-0.31595753929479,-1.93814754004599,29203.1509981856
286.5,-0.0679986788996558,-21.2142767080873,21.1462780291876,0.317250978520994,-380701.174225192,-120777.820047034,-0.163849660946244,-1.92689171183053,14055.6376830656
286.6,-0.0414010738694195,-21.2070652849734,21.165664211104,0.307878378437737,-369454.054125284,-113746.91509134,-0.0120196506209493,-1.91361801467088,-1026.91916828779
286.7,-0.0169261585249885,-21.2003491254729,21.1834229669479,0.297362181466212,-356834.617759453,-106109.120359613,0.139205091352599,-1.89835173644624,-16015.4947862559
286.8,0.00536789619686928,-21.1941543731428,21.1995222693397,0.285779300838035,-342935.161005641,-98003.770544971,0.289521425463684,-1.88111181870844,-30883.7920719961
286.9,0.0254347915495075,-21.188505388591,21.2139401801405,0.273181908542788,-327818.290251345,-89554.0261860961,0.438649030755876,-1.86191052580284,-45608.0495484803
287,0.0432370113150036,-21.1834245421153,21.2266615534303,0.259592121811457,-311510.546173747,-80865.6836478889,0.586327314495242,-1.84075380199641,-60166.7011802526
287.1,0.0587424427780654,-21.1789320394096,21.2376744821877,0.244998399575669,-293998.079490802,-72029.0589535668,0.732310783942837,-1.81764237114534,-74539.8999383463
287.2,0.0719208859487424,-21.1750457881706,21.2469666741193,0.22935399710666,-275224.796527991,-63123.907186562,0.87636308928671,-1.79257358882734,-88708.924926828
287.3,0.082740640841962,-21.171781312062,21.2545219529039,0.212577725096662,-255093.270115994,-54227.1470487262,1.01825003892313,-1.7655440074703,-102655.499150405
287.4,0.0911653653453719,-21.1691517166053,21.2603170819507,0.194557135643975,-233468.562772769,-45422.9748359856,1.15773196726343,-1.7365525641753,-116361.051101549
287.5,0.0971513889566431,-21.1671677092452,21.2643190982019,0.175154119434923,-210184.943321907,-36814.7586660278,1.29455589532072,-1.70560425228399,-129805.957850044
287.6,0.100645650518906,-21.1658376731968,21.2664833237157,0.154212754456244,-185055.305347493,-28537.8883643782,1.42844796079067,-1.67271409492444,-142968.809886304
287.7,0.101584401687312,-21.1651677918538,21.2667521935411,0.131569105870283,-157882.927044339,-20772.5155434067,1.55910660386689,-1.63791120515933,-155825.738377553
287.8,0.0998927834372587,-21.1651622176916,21.2650550011289,0.10706254818926,-128475.057827112,-13754.8670697331,1.68619697595688,-1.60124269579686,-168349.843653961
287.9,0.0954853421859561,-21.1658232769061,21.2613086190921,0.0805480729169923,-96657.6875003906,-7785.59046076932,1.80934699092165,-1.56277719447794,-180510.759706531
288,0.08826750715237,-21.1671516986704,21.2554192058227,0.0519089646300141,-62290.7575560168,-3233.44873075206,1.92814536442821,-1.52260772744394,-192274.383450024
288.1,0.0781380038063872,-21.1691468560262,21.2472848598326,0.0210691818074523,-25283.0181689425,-532.69250644257,2.0421418902282,-1.48085375848137,-203602.78981415
288.2,0.0649921321652798,-21.1718070042026,21.2367991363679,-0.0119952304832534,14394.2765799041,-172.662665215647,2.1508500879949,-1.43766220691199,-214454.344815415
288.3,0.0487257957658258,-21.1751295016743,21.2238552974401,-0.0472463389002047,56695.6066802455,-2678.65984736759,2.25375223238746,-1.39320731809781,-224784.019150038
288.4,0.0292401296716847,-21.179110999609,21.2083511292807,-0.0845767053344811,101492.046401377,-8583.86290228273,2.35030664477337,-1.34768931881545,-234543.895097552
288.5,0.00644654583677351,-21.1837475865198,21.1901941323566,-0.123804425679875,148565.31081585,-18393.0429815083,2.43995700543211,-1.30133185439137,-243683.850201493
288.6,-0.0197280069486077,-21.1890348768938,21.1693068699452,-0.164671160047163,197605.392056595,-32539.9091415339,2.52214333283824,-1.25437827061398,-252152.392830209
288.7,-0.0493357824824052,-21.1949680352349,21.1456322527525,-0.206843334997804,248212.001997365,-51340.9982796165,2.59631418482498,-1.20708686694811,-259897.617780328
288.8,-0.0824031907975069,-21.201541730181,21.1191385393835,-0.249916530979235,299899.837175082,-74949.9269480339,2.66193956985272,-1.15972530442546,-266868.244932681
288.9,-0.11892617173919,-21.2087500169664,21.0898238452272,-0.293422900110025,352107.480132029,-103316.397970773,2.71852401934373,-1.11256439816931,-273014.700850802
289,-0.158866175815454,-21.2165861502801,21.0577199744647,-0.336841302249487,404209.562699384,-136154.475481356,2.76561926615329,-1.06587155792485,-278290.202238645
289.1,-0.202146913389836,-21.2250423333012,21.0228954199114,-0.379609711657409,455531.65398889,-172924.239821545,2.8028359995927,-1.01990415818685,-282651.801324933
289.2,-0.248652000813195,-21.2341094121485,20.9854574113353,-0.421139341552726,505367.209863269,-212830.014004155,2.82985422169097,-0.974903121546334,-286061.35636508
289.3,-0.298223595382275,-21.2437765279595,20.9455529325772,-0.460829865955664,552995.839146796,-254836.998428058,2.84643180831021,-0.931086984794146,-288486.395281409
289.4,-0.350662072140647,-21.2540307411464,20.9033686690058,-0.49808509054992,597702.108659903,-297706.508913746,2.85241097646543,-0.888646688258568,-289900.846637694
289.5,-0.405726756543839,-21.2648566439379,20.8591298873941,-0.532328436622241,638794.123946688,-340048.277324014,2.84772246882345,-0.847741286919028,-290285.619236827
289.6,-0.463137689769802,-21.2762359780411,20.8130982882712,-0.563017650741022,675621.180889225,-380386.650055126,2.83238738046086,-0.808494729941009,-289629.019175013
289.7,-0.522578369570649,-21.2881472741331,20.7655689045624,-0.589658231178038,707589.877413644,-417236.195515214,2.80651666425211,-0.770993796931203,-287927.000711098
289.8,-0.583699380282265,-21.3005655289692,20.7168661486869,-0.611815161590189,734178.193908226,-449181.350341954,2.7703084530954,-0.735287218281096,-285183.254369744
289.9,-0.646122801789254,-21.3134619342615,20.6673391324722,-0.629122653596234,754947.184315479,-474954.37592156,2.7240434240392,-0.701385947396957,-281409.141900673
290,-0.709447269331417,-21.326803669287,20.6173563999556,-0.641291713118891,769550.055742668,-493506.073577954,2.66807849714727,-0.669264498158864,-276623.492750748
290.1,-0.773253544099315,-21.3405537665802,20.5673002224809,-0.648115452278217,777738.542733858,-504064.367378156,2.60283920814361,-0.638863214914806,-270852.280355959
290.2,-0.83711044832781,-21.3546710572293,20.5175606089015,-0.649472162586425,779366.595103708,-506176.907969624,2.52881111765198,-0.610091307326535,-264128.198720272
290.3,-0.90058101752042,-21.369110199407,20.4685291818866,-0.645326241840067,774391.490208078,-499735.150088908,2.44653062186593,-0.582830460218514,-256490.160423797
290.4,-0.963228725797659,-21.383821790972,20.4205930651743,-0.635727124465272,762872.549358325,-484978.77213706,2.35657551176998,-0.556938820049514,-247982.736507426
290.5,-1.02462364733189,-21.3987525644155,20.3741289170836,-0.620806403411414,744967.684093695,-462480.708619937,2.25955559366845,-0.532255164526743,-238655.556823732
290.6,-1.08434842655877,-21.4138456601874,20.3294972336286,-0.600773353100917,720928.023721099,-433114.346155342,2.15610363661868,-0.508603079033243,-228562.686708704
290.7,-1.14200394153707,-21.4290409725851,20.287037031048,-0.575909070784359,691090.884941229,-398005.509374043,2.04686685671924,-0.485794990883472,-217761.992550856
290.8,-1.19721455776089,-21.4442755609368,20.2470610031759,-0.546559451913624,655871.342296347,-358472.681371344,1.93249908852383,-0.46363594719895,-206314.505370637
290.9,-1.24963288334334,-21.4594841177535,20.2098512344101,-0.513127207857916,615752.649429498,-315959.437732873,1.81365373446163,-0.44192706116761,-194283.788223573
291,-1.2989439503702,-21.4745994848171,20.1756555344469,-0.476063124996013,571275.749995214,-271963.318777163,1.69097752798146,-0.420468591167156,-181735.310418664
291.1,-1.34486876109675,-21.4895532077574,20.1446844466606,-0.435856755623732,523028.106748477,-227965.333707414,1.56510509854459,-0.399062654312641,-168735.829450971
291.2,-1.38716715138689,-21.5042761194789,20.117108968092,-0.393026724866197,471632.069839436,-185364.007750859,1.43665428914568,-0.377515607395433,-155352.780353825
291.3,-1.42563993732443,-21.5186989427662,20.0930590054418,-0.348110834435838,417733.001323004,-145417.383661938,1.30622215142882,-0.355640151469978,-141653.671957066
291.4,-1.46013032427432,-21.5327529024635,20.0726225781892,-0.301656143199995,361987.371839992,-109195.714476354,1.17438153040087,-0.333257229861734,-127705.490268581
291.5,-1.49052457086615,-21.5463703377515,20.0558457668854,-0.254209204923496,305051.045908194,-77546.7838414029,1.04167814995527,-0.310197792379444,-113574.110757189
291.6,-1.51675191343286,-21.5594853052131,20.0427333917802,-0.206306643565843,247567.972279011,-51074.9174152843,0.908628120679182,-0.286304491254887,-99323.7235017234
291.7,-1.53878376933678,-21.572034163582,20.0332503942452,-0.158466244319956,190159.493183947,-30133.8607066464,0.775715810652907,-0.261433357979738,-85016.2777155776
291.8,-1.55663225027419,-21.5839561313376,20.0273238810634,-0.111178732506166,133414.479007398,-14832.8526740131,0.64339204540268,-0.235455486764388,-70710.9547497981
291.9,-1.57034802892446,-21.5951938086555,20.0248457797311,-0.0649004012030473,77880.4814436562,-5054.47449157976,0.51207263161396,-0.208258722448446,-56463.6810010424
292,-1.58001761400353,-21.605693655709,20.0256760417055,-0.0200467313943588,24056.0776732305,-482.245727517083,0.382137227230859,-0.179749321385979,-42326.6939004712
292.1,-1.58576009965445,-21.6154064199545,20.0296463203,0.0230128746241047,-27615.4495489254,-635.51087815771,0.253928604828458,-0.149853526269609,-28348.1750777782
292.2,-1.58772346489728,-21.6242875058739,20.0365640409767,0.0639591542236257,-76750.9850683506,-4908.92809080183,0.127752372703411,-0.118518973041106,-14571.9646909312
292.3,-1.58608050730199,-21.6322972816879,20.046216774386,0.102525780062167,-123030.936074601,-12613.8426928271,0.00387722668991207,-0.0857158325208844,-1037.3696825145
292.4,-1.58102450189199,-21.6394013188,20.058376816908,0.138500865879497,-166201.039055395,-23018.9878192443,-0.117464196154864,-0.0514375830681318,12220.9236404881
292.5,-1.57276468131492,-21.6455705611617,20.0728058798468,0.171727194174063,-206072.633008875,-35388.2750626756,-0.236073803561118,-0.0157013145138427,25172.8257151978
292.6,-1.56152163635694,-21.6507814233153,20.0892597869584,0.202101212704013,-242521.455244815,-49013.880211719,-0.351785838240716,0.0214525220838558,37792.7058027406
292.7,-1.54752273680266,-21.6550158175211,20.1074930807185,0.22957087935967,-275485.055231604,-63243.3463799667,-0.46446396825378,0.0599609804476313,50059.1421972348
292.8,-1.53099767138379,-21.6582611120474,20.1272634406637,0.25413246350687,-304958.956208244,-77499.9708096849,-0.573997711121377,0.099740130706093,61954.567882384
292.9,-1.51217420209675,-21.6605100243126,20.1483358222158,0.27582643535304,-330991.722423647,-91296.2669274777,-0.680298265810222,0.140687209308811,73464.8240522043
293,-1.49127422253981,-21.6617604540619,20.1704862315221,0.294732592622069,-353679.111146482,-104240.761384471,-0.783293866778883,0.182683360204934,84578.6385943158
293.1,-1.46851020220781,-21.6620152630667,20.1935050608589,0.310964585653937,-373157.502784724,-116038.768237109,-0.88292481037828,0.225596881236663,95287.0505705719
293.2,-1.44408208902527,-21.6612820089015,20.2171999198762,0.324664008179845,-389596.809815813,-126488.061848882,-0.979138332872394,0.269286854534233,105582.804640875
293.3,-1.41817473097965,-21.6595726411534,20.2413979101737,0.335994221994797,-403193.066393756,-135470.540656666,-1.07188353860521,0.313607011290755,115459.741053491
293.4,-1.39095586476789,-21.6569031689231,20.2659473041552,0.345134080315195,-414160.896378233,-142941.040074018,-1.16110658461581,0.358409662013789,124912.207147563
293.5,-1.36257470516638,-21.65329330869,20.2907186035236,0.352271707642372,-422726.049170845,-148914.427206327,-1.2467463234785,0.403549514843074,133934.515254604
293.6,-1.33316115369545,-21.6487661215419,20.3156049678465,0.357598484331506,-429118.181197806,-153452.011195428,-1.32873058950768,0.448887207580415,142520.469514804
293.7,-1.30282562942731,-21.6433476484447,20.3405220190174,0.36130337256665,-433564.047079979,-156648.152433643,-1.40697328586861,0.494292393573786,150662.980598883
293.8,-1.27165950886533,-21.6370665516744,20.365407042809,0.363567707661672,-436281.249194005,-158617.773665235,-1.481372393557,0.539646246512501,158353.782879022
293.9,-1.23973614610666,-21.6299537698003,20.3902176236936,0.364560564902991,-437472.677883588,-159485.286578865,-1.55180898026581,0.584843282702134,165583.263509904
294,-1.20711242940288,-21.6220421927299,20.414929763327,0.364434797629644,-437321.757155572,-159375.266068032,-1.61814724084177,0.629792439033245,172340.407481521
294.1,-1.17383081616716,-21.6133663623441,20.4395355461769,0.363323826789162,-435988.592146994,-158405.043735265,-1.68023555445088,0.674417387742665,178612.857313835
294.2,-1.13992177583422,-21.6039622032043,20.4640404273701,0.361339245530999,-433607.094637198,-156679.260433093,-1.73790849966903,0.7186561121069,184387.080986859
294.3,-1.10540655912729,-21.5938667867284,20.4884602276011,0.358569284156263,-430283.140987514,-154286.317848401,-1.79098973003761,0.762459807385125,189648.637205621
294.4,-1.07030020354273,-21.5831181311331,20.5128179275903,0.355078160642084,-426093.792770499,-151296.600197958,-1.83929558113606,0.805791205930534,194382.523398242
294.5,-1.03461467849078,-21.5717550383504,20.5371403598596,0.350906319888375,-421087.583866049,-147762.294405122,-1.88263925717017,0.848622452215705,198573.589078271
294.6,-0.998362069724639,-21.559816968051,20.5614548983263,0.346071540966647,-415285.849159975,-143718.613760435,-1.92083543093923,0.890932671049102,202206.995436188
294.7,-0.961557701568498,-21.5473439478653,20.5857862462968,0.340570866513845,-408685.039816613,-139186.218141589,-1.95370508556862,0.932705379752568,205268.701252414
294.8,-0.924223097056696,-21.5343765178913,20.6101534208346,0.33438328291327,-401259.939495923,-134174.615870227,-1.9810804286682,0.973925892589616,207745.955371425
294.9,-0.886388680380826,-21.5209557066268,20.634567026246,0.327473055277286,-392967.666332742,-128686.322319168,-2.00280971819374,1.01457885411988,209627.776915178
295,-0.848096132892639,-21.5071230345856,20.659026901693,0.319793598959075,-383752.318750889,-122721.535122237,-2.01876185252966,1.05464601891499,210905.405977394
295.1,-0.809400323145802,-21.4929205410566,20.6835202179108,0.311291750910868,-373550.10109304,-116283.065022184,-2.02883059335352,1.09410437022989,211572.709541729
295.2,-0.770370742841099,-21.4783908287839,20.7080200859428,0.301912291090294,-362294.749308353,-109381.237813669,-2.03293830697007,1.13292464212531,211626.529619212
295.3,-0.731092393788714,-21.4635771207903,20.7324847270015,0.29160255738934,-349923.068867208,-102038.461771204,-2.03103912658156,1.17107028063218,211066.96293353
295.4,-0.691666085811995,-21.4485233231741,20.7568572373621,0.280316997815738,-336380.397378885,-94293.1431173139,-2.02312145339154,1.2084968521732,209897.563758721
295.5,-0.652208121568751,-21.433274087501,20.7810659659322,0.268021510861158,-321625.813033389,-86202.6363411571,-2.009209728032,1.24515188363503,208125.463638119
295.6,-0.612849361233277,-21.4178748663972,20.8050255051639,0.254697438436102,-305636.926123322,-77844.9421750942,-1.98936541561273,1.28097509976174,205761.40363999
295.7,-0.573733677538936,-21.4023719561552,20.8286382786163,0.240345094101034,-288414.11292124,-69318.9171101215,-1.96368715826541,1.31589901086561,202819.676538029
295.8,-0.5350158295001,-21.3868125205671,20.851796691067,0.224986730755616,-269984.076906739,-60742.83481932,-1.93231005934157,1.34984979751938,199317.97789111
295.9,-0.496858800880688,-21.3712445908136,20.874385789933,0.208668874385253,-250402.649262303,-52251.2389646499,-1.89540407461691,1.38274843854558,195277.166517663
296,-0.459430666804924,-21.3557170370201,20.8962863702152,0.191463971856758,-229756.766228109,-43990.1430229983,-1.85317149921739,1.41451203330651,190720.936416308
296.1,-0.422901068437039,-21.3402795080243,20.9173784395872,0.173471319380763,-208165.583256916,-36110.7583772433,-1.8058435556491,1.44505527760067,185675.403878841
296.2,-0.387437390974444,-21.3249823369438,20.9375449459694,0.154817252988531,-185780.703586237,-28762.0581874977,-1.75367610910658,1.47429206265529,180168.615462347
296.3,-0.353200753841811,-21.3098764112381,20.9566756573963,0.135654592855385,-162785.511426461,-22082.6022753122,-1.69694456150556,1.50213717690931,174229.98468991
296.4,-0.320341933434129,-21.2950130070956,20.9746710736615,0.116161340039079,-139393.608046894,-16192.1483036094,-1.63593800520854,1.52850809871699,167889.667845078
296.5,-0.28899734749206,-21.2804435890958,20.9914462416038,0.0965386284628938,-115846.354155472,-11183.648142596,-1.5709527503225,1.55332687323846,161177.891969627
296.6,-0.259285235645763,-21.26621957717,21.0069343415243,0.0770079386063384,-92409.5263276059,-7116.26713007709,-1.50228537426524,1.57652206751091,154124.251065386
296.7,-0.231302172294015,-21.2523920838787,21.0210899115847,0.0578075844787221,-69369.1013744663,-4010.0601879175,-1.43022547699663,1.59803079344841,146756.989381376
296.8,-0.205120045313823,-21.2390116259278,21.033891580614,0.0391884940428843,-47026.1928514611,-1842.88567841901,-1.35504835746758,1.61780077934854,139102.293333918
296.9,-0.180783626749818,-21.2261278146355,21.0453441878857,0.0214093168553978,-25691.1802264775,-550.030617857788,-1.27700785381875,1.63579245706785,131183.61582478
297,-0.158308849396406,-21.2137890307331,21.0554801813367,0.00473091205150977,-5677.09446181174,-26.8578346069445,-1.19632960903831,1.65198101561747,123021.058244598
297.1,-0.13768188604331,-21.2020420894317,21.0643602033884,-0.0105897052679096,12707.6463214914,-134.570229193429,-1.11320503279129,1.66635835425146,114630.836039481
297.2,-0.11885910632812,-21.1909319020964,21.0720727957682,-0.0243058518722709,29167.0222467249,-708.929322284126,-1.0277862270628,1.67893485121763,106024.853175826
297.3,-0.101767960102176,-21.1805011411474,21.0787331810452,-0.0361879594152413,43425.5512982895,-1571.48208796698,-0.940182126890861,1.68974085038684,97210.409015014
297.4,-0.0863088067004156,-21.1707899149352,21.0844811082347,-0.0460304822049992,55236.5786459989,-2542.56635042969,-0.850456077397596,1.69882775906927,88190.0579336873
297.5,-0.072357677479971,-21.1618354593125,21.0894777818326,-0.0536587311411847,64390.4773694215,-3455.11131321832,-0.758625025058489,1.70626864827547,78961.637512256
297.6,-0.0597699256255204,-21.1536718524425,21.093901926817,-0.0589354131018446,70722.4957222134,-4168.05950098208,-0.66466044609082,1.71215825281974,69518.4753752164
297.7,-0.0483846838251054,-21.1463297590334,21.0979450752083,-0.0617666414016533,74119.9696819838,-4578.14158804851,-0.568491070251128,1.71661228369633,59849.7780080855
297.8,-0.0380300183943447,-21.1398362096828,21.1018061912885,-0.0621071795240551,74528.6154288659,-4628.76209811984,-0.470007387179241,1.7197659890449,49941.1973912109
297.9,-0.0285286391723751,-21.134214420346,21.1056857811736,-0.0599646881571612,71957.6257885933,-4314.9165909427,-0.369067848208336,1.72177193193945,39775.5634472062
298,-0.0197039993678594,-21.1294836561366,21.1097796567687,-0.0554027648436207,66483.3178123447,-3683.35962278103,-0.265506603069152,1.72279699159262,29333.7625145382
298.1,-0.011386599703183,-21.1256591427355,21.1142725430323,-0.0485425957719575,58251.1149263488,-2827.66032513559,-0.15914254199833,1.72301863710224,18595.7347783173
298.2,-0.00342029769728924,-21.1227520276524,21.1193317299551,-0.0395630792784874,47475.6951341847,-1878.28469039505,-0.0497893530751929,1.72262056678447,7541.55724985435
298.3,0.00433158349466112,-21.120769392478,21.1251009759727,-0.0286993289298166,34439.1947157798,-988.381777226165,0.0627337445891827,1.72178784832591,-3847.42610638296
298.4,0.0119805511288504,-21.1197143161098,21.1316948672386,-0.0162395187261815,19487.4224714177,-316.466362149597,0.178590966240323,1.72070173224961,-15587.4688054768
298.5,0.0196078393905488,-21.1195859877607,21.1391938271513,-0.00252009188228559,3024.11025874276,-7.6210357141942,0.297919018853197,1.71953434050904,-27691.3239089196
298.6,0.0272600855458407,-21.1203798673798,21.1476399529256,0.0120805844974916,-14496.7013969899,-175.128626161241,0.42081664569468,1.71844345081606,-40167.2260882325
298.7,0.0349459414067574,-21.1220878899621,21.1570338313689,0.0271499761798112,-32579.9714157733,-884.545447877174,0.547335037669509,1.71756760365428,-53017.9932388275
298.8,0.0426337460494572,-21.1246987091104,21.1673324551599,0.0422503500541017,-50700.420064922,-2142.11049563295,0.677469458669377,1.71702175175548,-66240.2824013419
298.9,0.050250350830261,-21.1281979741635,21.1784483249938,0.0569287023676211,-68314.4428411451,-3889.05258391342,0.811152384492808,1.71689365102137,-79824.0281983055
299,0.0576811490469815,-21.1325686342447,21.1902497832916,0.0707273521878314,-84872.8226253974,-6002.83001700183,0.948248394224101,1.71724115836443,-93752.0840364534
299.1,0.0647713216411923,-21.1377912617435,21.2025625833846,0.0831948728258161,-99833.847390979,-8305.66423740443,1.08855098216113,1.71809055760222,-108000.077393998
299.2,0.0713282688101415,-21.1438443870579,21.215172655868,0.0938970142441563,-112676.417092987,-10579.9791407607,1.23178138089098,1.71943598210125,-122536.481104132
299.3,0.0771251570235982,-21.1507048359311,21.2278299929547,0.102427264064219,-122912.716877063,-12589.6133084175,1.37758940570599,1.7212399457201,-137322.893186266
299.4,0.0819054734136913,-21.1583480604641,21.2402535338778,0.108416704442179,-130100.045330615,-14105.0181625234,1.52555625116448,1.72343493553665,-152314.508983866
299.5,0.0853884463928765,-21.166748454904,21.2521369012969,0.11154284669069,-133851.416028828,-14930.1679774354,1.67519909610646,1.72592596476532,-167460.761619574
299.6,0.0872751640134268,-21.1758796476411,21.2631548116545,0.111537164051163,-133844.596861395,-14928.6467574912,1.82597730743302,1.72859393588385,-182706.100478567
299.7,0.0872552010856253,-21.1857147614987,21.2729699625844,0.108191093556435,-129829.312267722,-14046.3752699248,1.97729997855364,1.73129962551916,-197990.872883758
299.8,0.0850135531524927,-21.1962266353891,21.2812401885416,0.101360337806689,-121632.405368026,-12328.7016963433,2.12853449801151,1.73388807657128,-213252.271517163
299.9,0.0802376704355616,-21.2073880016973,21.2876256721329,0.0909673635266069,-109160.836231928,-9930.07347237818,2.27901581898649,1.73619317093615,-228425.309528249
300,0.072624387791361,-21.2191716153179,21.2917960031093,0.0770020625354407,-92402.4750425284,-7115.18116165427,2.42805609178085,1.73804215852737,-243443.786582743
300.1,0.0618865571593155,-21.2315503320328,21.2934368891921,0.0595206088318078,-71424.7305981695,-4251.2434508509,2.57495432868036,1.73925993452512,-258241.21215761
300.2,0.0477592062175205,-21.2444971358123,21.2922563420298,0.0386426097605816,-46371.1317126978,-1791.90154693031,2.71900579250022,1.73967288531382,-272751.656894927
300.3,0.030005070004723,-21.2579851165508,21.2879901865555,0.0145467070956806,-17456.0485148166,-253.928024793027,2.85951083462273,1.7391121619574,-286910.50843183
300.4,0.00841936992803483,-21.2719874016212,21.2804067715492,-0.0125351666025552,15042.1999230662,-188.556482104577,2.99578295274867,1.73741628519446,-300655.114426081
300.5,-0.0171662544504336,-21.2864770463582,21.2693107919078,-0.0423246310608984,50789.5572730779,-2149.64927332939,3.12715588987116,1.73443303431759,-313925.302086814
300.6,-0.0468807225232304,-21.3014268900756,21.2545461675524,-0.0745045257601182,89405.4309121417,-6661.10923048813,3.25298965095521,1.73002062033625,-326663.770007579
300.7,-0.0808114267616666,-21.3168093854224,21.2359979586607,-0.108727107293264,130472.528751917,-14185.9006324332,3.37267536939315,1.72404818810883,-338816.354140786
300.8,-0.119003079049726,-21.3325964097357,21.2135933306859,-0.144622472673711,173546.967208453,-25098.7915227098,3.48563900874818,1.71639572972954,-350332.175073904
300.9,-0.161457453275531,-21.3487590675322,21.1873016142566,-0.181806904832678,218168.285799214,-39664.5007738062,3.59134393432201,1.70695352011763,-361163.678175135
301,-0.208133959859314,-21.3652674933795,21.1571335335201,-0.219890845963548,263869.015156257,-58022.3809662776,3.68929243199293,1.69562120407241,-371266.581563636
301.1,-0.258950963152383,-21.3820906641233,21.1231397009709,-0.258486222770472,310183.467324566,-80178.1528345752,3.77902628748616,1.68230667154147,-380599.749205708
301.2,-0.313787732212678,-21.3991962288361,21.0854084966234,-0.297212874972454,356655.449966944,-106002.591659269,3.86012656725156,1.66692485493824,-389125.007797611
301.3,-0.372486899885647,-21.4165503639382,21.0440634640525,-0.335703874623465,402844.649548157,-135236.509724648,3.93221276241891,1.64939657031107,-396806.926581042
301.4,-0.434857294781949,-21.4341176597743,20.9992603649923,-0.373609568934126,448331.482720951,-167500.931998972,3.99494147022416,1.62964750496584,-403612.579001578
301.5,-0.50067700589069,-21.4518610435515,20.9511840376608,-0.410600233106052,492720.279727262,-202311.061712093,4.04800479342462,1.60760743020731,-409511.304334402
301.6,-0.56969654029967,-21.4697417420212,20.9000452017215,-0.446367281570137,535640.737884163,-239092.500067576,4.09112863820205,1.58320969184662,-414474.486232849
301.7,-0.641641940767304,-21.48771928567,20.8460773449027,-0.480623054671921,576747.665606304,-277198.224818601,4.12407108551785,1.55639100564532,-418475.363749169
301.8,-0.716217741504224,-21.5057515545273,20.7895338130231,-0.513099271198026,615719.12543763,-315925.034524734,4.14662100034385,1.5270915622714,-421488.888842247
301.9,-0.79310965711262,-21.5237948640615,20.7306852069489,-0.543544312252581,652253.174703095,-354528.503258556,4.15859702800446,1.49525542847145,-423491.642786673
302,-0.871986920657083,-21.5418040880702,20.6698171674132,-0.571719575105669,686063.4901268,-392235.927070806,4.1598471072394,1.46083121919808,-424461.822245539
302.1,-0.952504211581637,-21.5597328140375,20.6072286024558,-0.597395202295977,716874.242755171,-428257.233271501,4.15024860563983,1.4237730097972,-424379.304033716
302.2,-1.0343031417402,-21.5775335251763,20.5432303834361,-0.620345546594412,744414.655913293,-461794.316615423,4.12970915491455,1.38404145770364,-423225.795710224
302.3,-1.11701329709768,-21.5951578023649,20.4781445052672,-0.640344771465022,768413.725758024,-492049.711611108,4.09816823118311,1.34160510834094,-420985.077005221
302.4,-1.20025286246505,-21.6125565384581,20.4123036759931,-0.657163004786156,788595.605743385,-518235.857831481,4.05559948953998,1.29644186840294,-417643.334610071
302.5,-1.28362888562082,-21.6296801570667,20.3460512714458,-0.670563457036136,804676.148443361,-539586.419894703,4.00201382315587,1.2485406393348,-413189.589950843
302.6,-1.36673726395413,-21.6464788278806,20.2797415639265,-0.680300881431579,816361.057717893,-555371.147131899,3.93746307621222,1.19790311237244,-407616.216170227
302.7,-1.44916255995311,-21.6629026709942,20.2137401110411,-0.686121691914683,823346.030297618,-564915.57133904,3.86204429843243,1.14454573175895,-400919.536651475
302.8,-1.53047777015329,-21.6789019434802,20.1484241733269,-0.687765966811138,825319.160173363,-567626.430124389,3.77590438867948,1.08850183287059,-393100.49308315
302.9,-1.61024418440408,-21.6944272026555,20.0841830182515,-0.684971455134577,821965.74616149,-563023.073219014,3.67924493812484,1.02982395563573,-384165.366407699
303,-1.68801147760153,-21.7094294420415,20.02141796444,-0.677479574932947,812975.489919534,-550774.28934159,3.57232705209816,0.968586320225284,-374126.529214787
303.1,-1.76331817377516,-21.7238601979023,19.9605420241272,-0.665043256875472,798051.908250565,-530739.040218641,3.45547590611661,0.904887431779094,-363003.203494554
303.2,-1.83569261238662,-21.7376716263648,19.9019790139781,-0.647436351153216,776923.621383858,-503008.594553508,3.3290847777487,0.838852755038032,-350822.193474449
303.3,-1.90465452909571,-21.7508165533725,19.8461620242768,-0.62446419219585,749357.030635018,-467946.632801777,3.19361829344368,0.770637370136622,-337618.559879686
303.4,-1.96971733870936,-21.7632485019983,19.7935311632889,-0.595974813998727,715169.776798471,-426223.174704979,3.04961463920825,0.700428490145136,-323436.19974449
303.5,-2.0303911776142,-21.7749217037748,19.7445305261606,-0.56187023805808,674244.285669695,-378837.797298532,2.89768650627529,0.628447692400678,-308328.295199416
303.6,-2.08618672814969,-21.7857911025786,19.6996043744289,-0.522117222777897,626540.667333474,-327127.673185564,2.73852057716809,0.554952692631716,-292357.595752298
303.7,-2.13661980986535,-21.7958123610565,19.6591925511912,-0.47675687132968,572108.245595614,-272756.537232077,2.57287540257276,0.480238476673046,-275596.501659319
303.8,-2.18121668438982,-21.8049418804976,19.6237251961078,-0.425912544217435,511095.053060921,-217681.794386122,2.40157757332519,0.404637602085152,-258126.921119578
303.9,-2.21951998377333,-21.8131368453226,19.5936168615493,-0.369795609341849,443754.731210217,-164098.551226211,2.22551615225478,0.328519493393281,-240039.881149801
304,-2.25109513864386,-21.8203553029143,19.5692601642704,-0.308708678879968,370450.41465596,-114361.258098978,2.04563539495918,0.252288581092077,-221434.880879406
304.1,-2.27553715414534,-21.8265562883347,19.5510191341893,-0.243046118912886,291655.342695463,-70885.6991023398,1.86292585402599,0.176381175945327,-202418.986271203
304.2,-2.29247755988254,-21.8317000016001,19.5392224417176,-0.173291763090744,207950.115708892,-36036.0421861181,1.6784140249719,0.101261025042786,-183105.676404731
304.3,-2.30159134603985,-21.8357480427027,19.5341566966628,-0.100013904181695,120016.685018033,-12003.3372355982,1.49315075152224,0.0274135618323166,-163613.462835978
304.4,-2.30260369203505,-21.8386637066194,19.5360600145843,-0.0238577666224005,28629.3199468803,-683.031633850707,1.30819866022596,-0.0446610649870782,-144064.314483054
304.5,-2.29529629656376,-21.8404123373262,19.5451160407624,0.0544642292395001,-65357.0750874002,-3559.62271998339,1.12461893737519,-0.114456024095125,-124581.930281508
304.6,-2.27951312823866,-21.8409617365373,19.5614486082986,0.134184020304522,-161020.824365425,-21606.4215661011,0.943457792564102,-0.181466664718671,-105289.909844779
304.7,-2.25516543334276,-21.8402826197474,19.5851171864047,0.21449083015002,-257388.996180024,-55207.5794621335,0.765732971023594,-0.245199916917626,-86309.8779873486
304.8,-2.22223586026588,-21.8383491093714,19.6161132491055,0.294545013090817,-353454.015708979,-104108.117684003,0.592420679530773,-0.305183887301355,-67759.6217952573
304.9,-2.18078158750613,-21.8351392525291,19.654357665023,0.373492357719552,-448190.829263462,-167395.849529892,0.424443277164637,-0.360977278829631,-49751.2987154656
305,-2.13093637210686,-21.8306355494448,19.699699177338,0.450478423720312,-540574.108464374,-243516.972285044,0.262658052142501,-0.41217825551241,-32389.7708423824
305.1,-2.07291146647232,-21.8248254775942,19.7519140111219,0.524662531576662,-629595.037891994,-330324.926448518,0.107847360029663,-0.458432388453387,-15771.1143815933
305.2,-2.00699538216754,-21.8177019966462,19.8107066144786,0.595231081609697,-714277.297931634,-425160.048617098,-0.0392896615339515,-0.499439358665259,18.6554508250392
305.3,-1.93355250824165,-21.8092640198699,19.8757115116283,0.661409941002529,-793691.929203033,-524955.732068362,-0.178143657926276,-0.534958152469137,14904.6145156559
305.4,-1.85302061773407,-21.7995168389047,19.9464962211706,0.722475700297812,-866970.840357372,-626365.365024975,-0.30819983758024,-0.564810563389967,28823.6971791153
305.5,-1.76590731850885,-21.7884724904943,20.0225651719854,0.777765660567441,-933318.792680927,-725903.307309488,-0.429040983197044,-0.588882905101346,41725.1958224527
305.6,-1.67278552287411,-21.7761500558096,20.1033645329355,0.826686466499011,-992023.75979881,-820092.616671142,-0.540348788145294,-0.607125936883527,53570.9991803825
305.7,-1.57428802431603,-21.7625758851631,20.188287860847,0.86872134759492,-1042465.6171139,-905612.135720558,-0.641903680658115,-0.619553099351982,64335.5870884698
305.8,-1.47110127911088,-21.7477837431144,20.2766824640035,0.903435969055806,-1084123.16286696,-979435.860220561,-0.733583352349172,-0.626237246943025,74005.8081712841
305.9,-1.36395849581546,-21.731814871047,20.3678563752315,0.930482925920724,-1116579.51110487,-1038958.17051599,-0.815360242162227,-0.627306138361234,82580.4735175898
306,-1.25363213713915,-21.7147179661673,20.4610858290281,0.949604939241646,-1139525.92708997,-1082099.44875855,-0.887298238951057,-0.622937001484222,90069.8031014939
306.1,-1.14092593711643,-21.6965490774884,20.555623140372,0.960636832140781,-1152764.19856893,-1107387.74791857,-0.949548854115134,-0.613350521143607,96494.7624753577
306.2,-1.0266665326291,-21.6773714206658,20.6507048880367,0.963506377028068,-1156207.65243368,-1114013.4462885,-1.00234708087074,-0.59880460461962,101886.325169225
306.3,-0.911694803081986,-21.6572551145725,20.7455603114905,0.958234113202088,-1149880.9358425,-1101855.13884503,-1.04600710178544,-0.579588260445175,106284.691594639
306.4,-0.796857006380279,-21.6362768432441,20.8394198368639,0.944932236298085,-1133918.6835577,-1071476.31743436,-1.08091793614779,-0.556015883054928,109738.488578942
306.5,-0.682995794252278,-21.6145194473357,20.9315236530834,0.923802657059972,-1108563.18847196,-1024093.61902927,-1.10753904024755,-0.528422172627354,112303.965617698
306.6,-0.570941186294036,-21.5920714495538,21.0211302632598,0.895134316090383,-1074161.17930846,-961518.532611114,-1.12639579447202,-0.497157841397383,114044.195298772
306.7,-0.461501580617639,-21.5690265187191,21.1075249381015,0.859299823193376,-1031159.78783205,-886075.423368199,-1.13807473945811,-0.462586171139734,115028.276933647
306.8,-0.355454880174754,-21.5454828772051,21.1900279970303,0.816751464884561,-980101.757861471,-800499.546469289,-1.14321836719982,-0.42508039843888,115330.535015814
306.9,-0.253539817921958,-21.5215426565619,21.2680028386399,0.768016592767041,-921619.911320447,-707819.384118592,-1.14251923870808,-0.385021821840304,115029.698410381
307,-0.156447570873951,-21.4973112061862,21.3408636353122,0.713692371118292,-856430.845341948,-611228.160710938,-1.13671319247884,-0.342798454605869,114208.04271583
307.1,-0.0648137622682725,-21.4728963600015,21.4080825977332,0.654439827823038,-785327.793387644,-513949.785889256,-1.126571430257,-0.298803994166679,112950.477391436
307.2,0.0207890383084788,-21.448407666293,21.4691967046015,0.590977123419724,-709172.548103667,-419104.752486541,-1.11289131836584,-0.253436848653286,111343.561156762
307.3,0.0998581960769584,-21.4239555861418,21.5238137822187,0.524071933830302,-628886.320596361,-329581.670194359,-1.0964858214603,-0.207098954528326,109474.433756758
307.4,0.171967142975927,-21.3996506663478,21.5716178093237,0.454532838577136,-545439.406292562,-247920.121613986,-1.07817158565958,-0.160194137887692,107429.659136469
307.5,0.236770622710804,-21.3756026933469,21.6123733160577,0.383199622303067,-459839.54676368,-176210.340639856,-1.05875580216735,-0.11312581403681,105293.983870484
307.6,0.294008908467706,-21.3519198354174,21.6459287438851,0.310932435754894,-373118.922905872,-116014.775525365,-1.03902210169464,-0.0662938822754675,103149.024667672
307.7,0.343510855607889,-21.3287077814303,21.6722186370382,0.238599823086955,-286319.787704345,-68315.8506925511,-1.01971584446341,-0.0200907506587884,101071.909130945
307.8,0.385195661207689,-21.3060688854804,21.6912645466881,0.167065702432284,-200478.84291874,-33493.1387150308,-1.0015292705311,0.0251034871407196,99133.9038484903
307.9,0.419073219332784,-21.2841013278935,21.7031745472263,0.0971754802138043,-116610.576256565,-11331.6887457401,-0.985087051759826,0.0689266106098958,97399.0724865128
308,0.445242985633609,-21.2628983042402,21.7081412898738,0.0297415781238649,-35689.8937486372,-1061.47376315753,-0.970932832728094,0.111040368650448,95923.0130708158
308.1,0.463891296864041,-21.2425472549981,21.7064385518621,-0.0344712550459469,41365.5060551359,-1425.92090933125,-0.959517358281343,0.151136840264247,94751.7274371663
308.2,0.475287129333797,-21.2231291492624,21.6984162785962,-0.0947603969984403,113712.476398128,-10775.4394071624,-0.951188757957768,0.18894472879247,93920.6764237139
308.3,0.479776323665376,-21.20471783629,21.6844941599554,-0.15049906886099,180598.882633188,-27179.96367363,-0.946185492779746,0.224235222963236,93454.0715105455
308.4,0.477774349666159,-21.1873794785546,21.6651538282208,-0.201148793303563,241378.551964275,-48553.0044569752,-0.944632371218802,0.256827047477098,93364.447255955
308.5,0.469757732472718,-21.1711720793026,21.6409298117753,-0.246270087669975,295524.105203969,-72778.7472971726,-0.946539914332449,0.286590342307143,93652.5492555513
308.6,0.456254307050319,-21.1561451162734,21.6123994233238,-0.285530937787954,342637.125345544,-97833.4997208818,-0.951807202888764,0.313449053048434,94307.5599150218
308.7,0.437832510315005,-21.1423392912864,21.5801718016014,-0.31871268180726,382455.218168712,-121893.328253731,-0.960228180787614,0.337381582361704,95307.6697477019
308.8,0.415089956426907,-21.1297864028294,21.5448763592563,-0.345713041690663,414855.650028794,-143421.008634012,-0.97150122888317,0.358419540884879,96620.9860217094
308.9,0.388641569310444,-21.1185093457246,21.507150915035,-0.366546163443906,439855.396132687,-161227.307922536,-0.985241670909523,0.376644539467708,98206.7543414128
309,0.359107565718229,-21.1085222385216,21.4676298042398,-0.381339655584225,457607.586701069,-174503.919505314,-1.00099673734535,0.392183076572342,100016.853158707
309.1,0.32710159116823,-21.0998306756596,21.4269322668278,-0.390328738991045,468394.486789253,-182827.829378806,-1.01826240118073,0.405199687786534,101997.507257104
309.2,0.293219309349489,-21.092432097836,21.3856514071855,-0.393847732077333,472617.278492799,-186139.24327495,-1.03650141747327,0.415888630982509,104091.154834971
309.3,0.258027733121388,-21.0863162706147,21.3443440037361,-0.392319187471972,470783.024966366,-184697.213830402,-1.05516185023013,0.42446447337381,106238.39468182
309.4,0.222055562516733,-21.0814658582799,21.3035214207966,-0.386241067085047,463489.280502055,-179018.594283594,-1.0736953574886,0.431152019028906,108379.935638401
309.5,0.18578476312662,-21.0778570774336,21.2636418405603,-0.376172391001738,451406.869202085,-169806.801302357,-1.09157452851123,0.436176062028845,110458.47036083
309.6,0.149643578195931,-21.0754604129597,21.2251039911556,-0.362717823535387,435261.388242463,-157877.063412297,-1.10830862394179,0.439751467817659,112420.399411366
309.7,0.114001121297868,-21.0742413777808,21.1882424990787,-0.346511669600276,415814.003520331,-144084.404603005,-1.1234571571013,0.442074071760981,114217.339648219
309.8,0.0791636454185287,-21.0741612973447,21.1533249427632,-0.328201749411332,393842.099293597,-129259.66597999,-1.13664086739548,0.443312839982443,115807.36230816
309.9,0.0453725306610551,-21.0751780999419,21.1205506306029,-0.30843360222989,370120.322675868,-114157.544381407,-1.14754976891218,0.443603665779154,117155.920375159
310,0.0128039786433902,-21.0772470947335,21.0900510733769,-0.287835442641536,345402.531169842,-99419.0904487786,-1.15594810165078,0.443045079868103,118236.440941603
310.1,-0.018429650911326,-21.0803217206512,21.0618920697399,-0.26700425704029,320405.108448347,-85549.5279331642,-1.16167616179885,0.441696040573875,119030.575319172
310.2,-0.0482769749109089,-21.0843542510342,21.0360772761233,-0.246493384241772,295792.061090126,-72910.7861699543,-1.16464913318973,0.439575848241196,119528.116620406
310.3,-0.0767433500982051,-21.0892964408807,21.0125530907825,-0.226801872657752,272162.247189302,-61726.9073292756,-1.1648531768553,0.436666104742551,119726.610406649
310.4,-0.103885458491021,-21.0951001058277,20.9912146473366,-0.208365847393773,250039.016872528,-52099.5916321502,-1.16233915234968,0.432914522159132,119630.697867814
310.5,-0.129804937170675,-21.1017176243383,20.9719126871677,-0.191552054490334,229862.465388401,-44030.6274953615,-1.15721443720677,0.428240282265251,119251.242095488
310.6,-0.154641293692187,-21.1091023570118,20.9544610633196,-0.176653677486907,211984.412984288,-37447.8261235779,-1.14963337486129,0.42254056701741,118604.295760451
310.7,-0.178564357893087,-21.1172089793609,20.9386446214678,-0.163888445539234,196666.13464708,-32231.3070975196,-1.13978691370215,0.415697824985227,117709.972566869
310.8,-0.201766520715427,-21.1259937267951,20.9242272060797,-0.15339897526398,184078.770316776,-28237.494734447,-1.12789199968862,0.407587312810427,116591.285135865
310.9,-0.224455001276908,-21.1354145528372,20.9109595515603,-0.145255213751843,174306.256502211,-25318.8925465122,-1.11418125325289,0.398084455470441,115273.008628769
311,-0.24684436571733,-21.1454312037609,20.8985868380436,-0.139458781533846,167350.537840615,-23338.5020962859,-1.09889340114955,0.387071603302157,113780.622846288
311.1,-0.269149496563557,-21.1560052148212,20.8868557182577,-0.135948955401863,163138.746482236,-22178.5421698293,-1.08226485040779,0.374443824280311,112139.376324748
311.2,-0.291579181050533,-21.1670998350103,20.8755206539598,-0.134609985117049,161531.982140459,-21743.8177118546,-1.0645226909596,0.36011345200026,110373.50483791
311.3,-0.314330452744755,-21.1786798887856,20.8643494360409,-0.135279407629524,162335.289155428,-21960.6217543137,-1.04587930320594,0.34401320682319,108505.62454082
311.4,-0.337583784751398,-21.1907115844333,20.8531277996819,-0.137757008854429,165308.410625314,-22772.3921862229,-1.02652863452264,0.326097812417931,106556.30763136
311.5,-0.361499196516135,-21.2031622796315,20.8416630831153,-0.141814086466555,170176.903759866,-24133.4821444122,-1.00664410212746,0.306344134828849,104543.836694593
311.6,-0.386213301377193,-21.2160002153437,20.8297869139665,-0.147202686523217,176643.22382786,-26002.3571035828,-0.98637798573801,0.284749968778758,102484.123582784
311.7,-0.411837289960655,-21.2291942293922,20.8173569394315,-0.153664519818583,184397.423782299,-28335.3415812906,-0.965862097733181,0.26133167950654,100390.770376618
311.8,-0.438455816313194,-21.242713460943,20.8042576446298,-0.160939307624864,193127.169149836,-31081.7528865246,-0.945209465159816,0.236120972609538,98275.2440968373
311.9,-0.466126730052164,-21.2565270567063,20.7904003266541,-0.16877235719505,202526.82863406,-34180.9302638082,-0.924516729104011,0.20916110529443,96147.1336131984
312,-0.494881579143538,-21.2706038889318,20.7757223097883,-0.176921221137459,212305.46536495,-37561.3421865234,-0.903866962910173,0.180502868177829,94014.4566413053
312.1,-0.524726794211535,-21.2849122943297,20.7601855001181,-0.185161347670778,222193.617204933,-41141.6696055104,-0.883332629817219,0.150200657310997,91883.9866381744
312.2,-0.55564545625527,-21.2994198418935,20.7437743856383,-0.193290677403741,231948.812884488,-44833.5431654363,-0.86297843943687,0.118308923317167,89761.5734377511
312.3,-0.587599544773955,-21.3140931363305,20.7264935915566,-0.201133183929916,241359.820715899,-48545.4692133425,-0.842863916417473,0.0848792320030567,87652.437100972
312.4,-0.620532561895345,-21.3288976624405,20.7083651005452,-0.208541388348771,250249.666018524,-52187.4127853192,-0.823045557987144,0.0499581034834016,85561.4210901038
312.5,-0.654372429391326,-21.3437976744096,20.6894252450183,-0.215397900963769,258477.481156522,-55675.5068875168,-0.803578523778886,0.0135857206295803,83493.1978698627
312.6,-0.689034558676081,-21.3587561326197,20.6697215739436,-0.221616056984972,265939.268381965,-58936.4120562793,-0.784517865389011,-0.0242044811252755,81452.4267539855
312.7,-0.724424998312557,-21.3737346892784,20.6493096909658,-0.227139718070382,272567.661684458,-61910.9418301112,-0.765919359015935,-0.0633854056093941,79443.8696807768
312.8,-0.760443568624947,-21.3886937229576,20.6282501543327,-0.231942309673587,278330.771608304,-64556.6820200617,-0.747840047715501,-0.103935197819477,77472.4751426459
312.9,-0.796986898322217,-21.4035924210208,20.6066055226986,-0.236025157605988,283230.189127185,-66849.4500275176,-0.730338627000466,-0.145835635468467,75543.4433766778
313,-0.833951283362364,-21.4183889079223,20.5844376245599,-0.239415178395581,287298.214074697,-68783.5531754256,-0.713475816893326,-0.189070222941923,73662.286967176
313.1,-0.871235293603391,-21.433040416476,20.5618051228726,-0.24216196936404,290594.363236847,-70370.903287524,-0.697314854874397,-0.233622213771473,71834.9002037619
313.2,-0.908742058240382,-21.4475034984121,20.5387614401718,-0.244334338075491,293201.205690589,-71639.122515346,-0.681922218756714,-0.279472780867342,70067.6480274277
313.3,-0.946381166901478,-21.4617342698536,20.5153531029521,-0.246016308772342,295219.570526809,-72628.8290183617,-0.667368649070815,-0.32659952796207,68367.481472144
313.4,-0.984070129942392,-21.4756886867418,20.4916185567994,-0.247302646915741,296763.176298888,-73390.3190058376,-0.653730490910973,-0.374975493757678,66742.0815759456
313.5,-1.02173534934537,-21.4893228447114,20.467587495366,-0.248293952674421,297952.743209305,-73979.8643216252,-0.641091320054867,-0.424568746100074,65200.0282755654
313.6,-1.05931256107623,-21.5025932974456,20.4432807363694,-0.249091390153885,298909.668184662,-74455.824778554,-0.629543762630864,-0.475342601949099,63750.9853317808
313.7,-1.09674672108191,-21.5154573871396,20.4187106660577,-0.249791140624914,299749.368749896,-74874.7367216344,-0.619191366803384,-0.52725644524677,62405.887371118
313.8,-1.13399132048731,-21.5278735803571,20.3938822598698,-0.250478693615862,300574.432339033,-75287.4911466103,-0.610150343627242,-0.580267054312082,61177.1111378642
313.9,-1.17100713097006,-21.5398018022994,20.3687946713293,-0.251223117492083,301467.740990499,-75735.6657149291,-0.602550966381758,-0.634330298018146,60078.6104087506
314,-1.20776039855216,-21.5512037623265,20.3434433637743,-0.252071478588538,302485.774306245,-76248.0363813742,-0.596538406267044,-0.689403019879226,59125.9929988521
314.1,-1.2442205227424,-21.5620432635066,20.3178227407642,-0.253043602305995,303652.322767194,-76837.2776015936,-0.592272788971458,-0.745444904364683,58336.5190176909
314.2,-1.28035727748952,-21.5722864890408,20.2919292115513,-0.254127387949172,304952.865539006,-77496.8751670425,-0.589928281530689,-0.802420112058041,57729.0020167712
314.3,-1.31613764999522,-21.5819022586467,20.2657646086515,-0.255274898754213,306329.878505055,-78198.3287207683,-0.589691060895899,-0.860298480105811,57323.598765955
314.4,-1.35152239219515,-21.5908622484164,20.2393398562213,-0.256399447221166,307679.336665399,-78888.8118423832,-0.591756072176684,-0.91905611079442,57141.4788467668
314.5,-1.38646239668769,-21.5991411683041,20.2126787716164,-0.257373881906244,308848.658287492,-79489.578104987,-0.596322551952928,-0.978675211842484,57204.3716977806
314.6,-1.42089502311446,-21.6067168922721,20.1858218691576,-0.258030254494351,309636.305393221,-79895.5346813035,-0.6035883658334,-1.03914310384397,57533.9957633787
314.7,-1.45474051158269,-21.6135705372223,20.1588300256396,-0.258161005544721,309793.206653664,-79976.5257406335,-0.61374328455068,-1.10045036923121,58151.3815195683
314.8,-1.4878986259086,-21.6196864881577,20.1317878622491,-0.257521755132745,309026.106159293,-79580.9452399791,-0.626961394176929,-1.1625881787053,59076.1069156884
314.9,-1.52024567068129,-21.6250523685233,20.104806697842,-0.255835723063851,307002.867676621,-78542.3006347243,-0.643392898653405,-1.22554489079196,60325.4697478537
315,-1.55163202206174,-21.6296589563289,20.0780269342672,-0.252799735626622,303359.682751946,-76689.247599468,-0.663155622518519,-1.28930207378393,61913.6262997746
315.1,-1.58188030275801,-21.633500048389,20.051619745631,-0.248091705799272,297710.046959126,-73859.3933836708,-0.686326555212637,-1.35383014316444,63850.7289649175
315.2,-1.6107843169406,-21.6365722767697,20.0257879598291,-0.241379405531456,289655.286637747,-69916.8208976628,-0.712933793525861,-1.41908383884291,66142.0973169452
315.3,-1.63810884141618,-21.6388748832205,20.0007660418044,-0.232330286246565,278796.343495877,-64772.8342888927,-0.742949234832007,-1.48499778334828,68787.4571466825
315.4,-1.66359034582715,-21.6404094589155,19.9768191130884,-0.22062205072399,264746.460868788,-58408.9071187905,-0.776282351234773,-1.5514823637898,71780.2803637369
315.5,-1.68693868783179,-21.641179658156,19.9542409703242,-0.20595363904281,247144.366851371,-50900.281721971,-0.812775335391765,-1.61842016727524,75107.255497512
315.6,-1.70783980012665,-21.6411908957284,19.9333510956017,-0.18805626544912,225667.518538943,-42438.1907696038,-0.852199855384299,-1.68566317295145,78747.914036775
315.7,-1.72595935585449,-21.6404500383085,19.9144906824541,-0.16670413302053,200044.959624635,-33348.3215593517,-0.894255592167445,-1.75303086613552,82674.4322934825
315.8,-1.74094736848002,-21.6389651006259,19.8980177321459,-0.14172445901564,170069.350818768,-24102.986739931,-0.938570662956307,-1.82030939401459,86851.6221802631
315.9,-1.75244365266597,-21.636744957023,19.8843013043571,-0.113006465054107,135607.758064927,-15324.55337283,-0.984703961630186,-1.88725183137625,91237.1175842302
316,-1.76008404502708,-21.6337990785757,19.8737150335486,-0.0805090212175718,96610.825461086,-7778.04299689369,-1.03214937695004,-1.95357957219062,95781.7562301931
316.1,-1.763507258758,-21.6301373050888,19.8666300463308,-0.0442666796196426,53120.015543571,-2351.44670945769,-1.08034178471481,-2.01898481186663,100430.150356924
316.2,-1.76236222476866,-21.6257696600999,19.8634074353312,-0.00439388837140425,5272.66604568506,-23.1675060244336,-1.12866465386552,-2.08313403856432,105121.433443824
316.3,-1.75631575471868,-21.6207062155443,19.8643904608257,0.0389127616471133,-46695.3139765362,-1817.04362280607,-1.17645906106467,-2.14567241242905,109790.164833975
316.4,-1.74506034866288,-21.6149570110386,19.8698966623757,0.0853743400716921,-102449.20808603,-8746.5335312123,-1.22303387457651,-2.20622888072454,114367.369558107
316.5,-1.72832196219488,-21.6085320308741,19.8802100686792,0.13463144804717,-161557.737656604,-21750.7521639335,-1.26767684655827,-2.2644218555403,118781.687069586
316.6,-1.70586754514012,-21.6014412398667,19.8955736947266,0.186248111434872,-223497.733721846,-41626.0308156678,-1.30966634249672,-2.31986526926394,122960.599996042
316.7,-1.67751216600303,-21.5936946772413,19.9161825112383,0.239717591901095,-287661.110281314,-68957.428640232,-1.34828343613173,-2.37217482088897,126831.712394492
316.8,-1.643125543382,-21.585302605815,19.942177062433,0.294469958903059,-353363.950683671,-104055.068035643,-1.38282410594383,-2.42097423245286,130324.046321883
316.9,-1.60263781718222,-21.5762757119442,19.973637894762,0.349881220599844,-419857.464719811,-146900.242234123,-1.41261128301929,-2.46590134802789,133369.325733433
317,-1.55604440833514,-21.5666253500728,20.0105809417377,0.405283775422445,-486340.530506932,-197105.926344804,-1.43700651769853,-2.50661392601497,135903.21771252
317.1,-1.5034098354392,-21.5563638243082,20.052953988869,0.459977919015331,-551973.502818397,-253895.623178009,-1.45542105192618,-2.54279499723452,137866.502727873
317.2,-1.44487037976914,-21.5455046983004,20.1006343185313,0.513244123626838,-615892.948352204,-316103.436524976,-1.46732610412466,-2.57415768475097,139206.147917793
317.3,-1.38063551589878,-21.5340631238282,20.1534276079294,0.564355798446366,-677226.958135637,-382196.960688041,-1.47226219272524,-2.60044940500268,139876.260235626
317.4,-1.31098805313952,-21.5220561779212,20.2110681247817,0.61259223913044,-735110.686956525,-450323.101731414,-1.46984734284263,-2.62145539243118,139838.899583259
317.5,-1.23628296246791,-21.5095031980691,20.2732202356012,0.657251481767787,-788701.778121342,-518375.412343141,-1.4597840382093,-2.63700151057211,139064.735745992
317.6,-1.15694489392502,-21.496426105085,20.33948121116,0.697662789529296,-837195.347435154,-584080.041472557,-1.4418647981487,-2.64695633101785,137533.536963764
317.7,-1.07346441991024,-21.4828497034674,20.4093852835572,0.733198517877387,-879838.221452863,-645096.079941115,-1.41597627818365,-2.6512324776714,135234.482270747
317.8,-0.986393069632093,-21.4688019496384,20.4824088800063,0.763285125193562,-915942.150232272,-699125.0188101,-1.38210181412135,-2.64978724745441,132166.294241629
317.9,-0.896337248462153,-21.4543141791717,20.5579769307095,0.787413118978581,-944895.742774295,-744023.30392749,-1.34032235433077,-2.64262253048462,128337.193419139
318,-0.80395116229441,-21.4394212850505,20.6354701227561,0.805145752704495,-966174.903245391,-777911.619717703,-1.29081575431513,-2.62978406318116,123764.680366172
318.1,-0.709928890464969,-21.4241618400685,20.7142329496036,0.816126314709319,-979351.577651181,-799274.593873216,-1.23385444194842,-2.6113600572784,118475.155868851
318.2,-0.614995770575764,-21.4085781576841,20.7935823871083,0.82008387842725,-984100.654112698,-807045.081187535,-1.16980150058151,-2.58747925673377,112503.394174923
318.3,-0.51989927397339,-21.3927162869407,20.8728170129673,0.816837413308024,-980204.895969626,-800668.03173569,-1.09910525957026,-2.55830848325239,105891.88812823
318.4,-0.425399561023738,-21.3766259384467,20.951226377423,0.806298188766305,-967557.826519564,-780140.123049387,-1.02229252583423,-2.52404973966761,98690.0884876552
318.5,-0.332259910181598,-21.3603603398616,21.02810042968,0.788470440148208,-946164.528177847,-746022.761985008,-0.93996063338074,-2.48493694854133,90953.5624298233
318.6,-0.241237213839064,-21.3439760208378,21.1027388069988,0.763450306434445,-916140.367721332,-699427.644473816,-0.85276852743695,-2.44123241070362,82743.0980723555
318.7,-0.153072726920549,-21.3275325289118,21.1744598019913,0.731423094076619,-877707.712891941,-641975.691058337,-0.761427132844013,-2.39322307449255,74123.7826861339
318.8,-0.0684832413006937,-21.3110920793896,21.2426088380889,0.692658969068372,-831190.762882045,-575731.736917031,-0.666689279714303,-2.34121671053119,65164.0819954857
318.9,0.0118471592403573,-21.294719143809,21.3065663030494,0.647507228290118,-777008.67394814,-503118.73282554,-0.569339470497352,-2.28553808830739,55934.946547524
319,0.0872746319537114,-21.2784799830372,21.3657546149909,0.596389348687925,-715667.218425508,-426816.306274087,-0.470183769725626,-2.22652524897156,46508.968576364
319.1,0.157202291345065,-21.2624421324282,21.4196444237733,0.539791055632119,-647749.266758542,-349649.260488525,-0.370040079966937,-2.16452596314131,36959.6091672148
319.2,0.22108603367203,-21.2466738476695,21.4677598813415,0.478253686164611,-573904.423397532,-274471.905996045,-0.269729035170097,-2.09989445280377,27360.5109754949
319.3,0.278439425553334,-21.2312435209196,21.5096829464729,0.412365145150992,-494838.174181189,-204054.015522478,-0.17006569711192,-2.03298844260692,17784.9064732402
319.4,0.328837643166494,-21.2162190775407,21.5450567207072,0.342750759480396,-411300.911376474,-140973.699749265,-0.0718521846249034,-1.96416658819354,8305.1259276351
319.5,0.371920477456023,-21.2016673640973,21.5735878415533,0.270064325236362,-324077.190283634,-87521.6877184457,0.0241286977383679,-1.89378630833473,-1007.79664628159
319.6,0.407394446627258,-21.1876535383029,21.5950479849302,0.194979614355595,-233975.537226712,-45620.4600171074,0.11711883070169,-1.82220202433942,-10084.4271596566
319.7,0.435034078734667,-21.1742404712402,21.6092745499749,0.118182561422633,-141819.073707159,-16760.5413892973,0.206389213863209,-1.74976378569489,-18857.1577508334
319.8,0.454682443416278,-21.1614881714556,21.6161706148719,0.0403642902800895,-48437.1483361072,-1955.13111577838,0.291243582125125,-1.67681623647908,-27260.3733551315
319.9,0.466251022125341,-21.1494532394867,21.615704261612,-0.0377849320363706,45341.9184436448,-1713.24130679178,0.371021371658171,-1.60369785425864,-35230.5797835218
320,0.469719010278268,-21.138188360063,21.6079073703413,-0.115580804738855,138696.965686626,-16030.7069088977,0.445100234231775,-1.53074037346959,-42706.5168662989
320.1,0.465132142670846,-21.1277418377186,21.5928739803894,-0.192349235034035,230819.082040841,-44397.8738618139,0.512898314026569,-1.45826829013392,-49629.2810745699
320.2,0.452601125787485,-21.118157179946,21.5707583057335,-0.267429852983506,320915.823580207,-85822.4715201356,0.573876498236997,-1.3865983355017,-55942.481327995
320.3,0.432299748064125,-21.1094727304174,21.5417724784815,-0.340178999638959,408214.799566749,-138866.102154435,0.627540831971821,-1.31603880387381,-61592.4494139452
320.4,0.404462722883721,-21.1017213532886,21.5061840761723,-0.409972430026054,491966.916031263,-201692.872057761,0.673445250632685,-1.24688862515731,-66528.522651936
320.5,0.369383300425998,-21.0949301682874,21.4643134687134,-0.476207991869276,571449.590243129,-272128.861824201,0.71119473181454,-1.17943608592081,-70703.4112971313
320.6,0.327410664940111,-21.0891203352361,21.4165310001762,-0.538308535709734,645970.24285168,-347731.295541549,0.740448907598023,-1.11395712366241,-74073.6569304874
320.7,0.278947115081788,-21.08430688594,21.3632540010218,-0.595725281799748,714870.338159697,-425866.333650467,0.760926111433088,-1.05071314699557,-76600.1810468271
320.8,0.224445008120984,-21.0804986010106,21.3049436091316,-0.647941815540888,777530.178649064,-503794.315591705,0.772407766610618,-0.989948368316407,-78248.915601187
320.9,0.16440343539627,-21.0776979291994,21.2421013645956,-0.694478810071695,833374.572086032,-578760.981166315,0.774742960600192,-0.931886673595667,-78991.4998248977
321,0.0993645874462992,-21.0759009471706,21.1752655346169,-0.734899487622071,881879.385146484,-648092.708288618,0.767852995985229,-0.876728094193843,-78806.0206129428
321.1,0.0299097635541195,-21.0750973582864,21.1050071218405,-0.768815737642703,922578.885171242,-709293.166136511,0.751735668361444,-0.824644985677343,-77677.7676469728
321.2,-0.0433450175939072,-21.0752705298501,21.0319255122562,-0.795894717597733,955073.661117277,-760138.081799968,0.726468997419258,-0.775778055979494,-75599.9695598217
321.3,-0.119753841789912,-21.076397569251,20.956643727461,-0.815865679946204,979038.815935442,-798764.169256896,0.692214131359708,-0.730232417323232,-72574.4742206762
321.4,-0.198646180435954,-21.0784494404792,20.8798032600432,-0.828526703852843,994232.044623409,-823747.798796705,0.649217157354085,-0.688073860641187,-68612.3349018554
321.5,-0.279332634130103,-21.0813911234104,20.8020584892803,-0.833750968737678,1000501.16248521,-834168.813445219,0.597809581205165,-0.649325565618188,-63734.2648574955
321.6,-0.361111122913087,-21.0851818189943,20.7240706960813,-0.831492192951554,997790.631541863,-829655.12032726,0.538407285757605,-0.613965462217295,-57970.9257656916
321.7,-0.443273484200439,-21.0897752039155,20.646501719715,-0.821788876121683,986146.651346017,-810404.348300804,0.471507836985134,-0.581924449514568,-51363.0204975275
321.8,-0.525112415527541,-21.0951197383483,20.5700073228208,-0.804767026761511,965720.432113811,-777179.960835074,0.397686075358033,-0.553085654473365,-43961.1675881903
321.9,-0.605928676144167,-21.1011590300526,20.4952303539084,-0.780641123694352,936769.34843322,-731280.676803334,0.317588003929677,-0.527284877372013,-35825.5432816469
322,-0.685038440678944,-21.1078322572233,20.4227938165443,-0.749713144679405,899655.773615284,-674483.759166098,0.231923059304659,-0.504312323259016,-27025.2866749217
322.1,-0.761780680870185,-21.1150746512449,20.3532939703747,-0.712369590919417,854843.509103299,-608964.520880036,0.141454923138006,-0.483915662194359,-17637.6737863445
322.2,-0.835524438803144,-21.1228180388515,20.2872936000484,-0.669076533895504,802891.840674602,-537196.089851544,0.0469910963175215,-0.465804398057638,-7747.07674168428
322.3,-0.905675847976319,-21.1309914412494,20.2253155932731,-0.620372803586227,744447.364303471,-461834.898515321,-0.0506284877015073,-0.449655459899098,2556.26588175483
322.4,-0.971684757261983,-21.1395217256386,20.1678369683766,-0.566861518082869,680233.821699441,-385598.376819856,-0.150543492355672,-0.435119865130823,13177.6327677159
322.5,-1.03305081749415,-21.1483343024007,20.1152834849066,-0.509200219113316,611040.262935978,-311141.835774059,-0.251885505162897,-0.421830244418023,24019.3157215821
322.6,-1.08932890072873,-21.1573538591501,20.0680249584214,-0.448089923245331,537707.907894395,-240941.495176807,-0.353790306260621,-0.409408967927064,34982.1806972786
322.7,-1.14013373759066,-21.1665051210072,20.0263713834165,-0.384263423804101,461116.10856492,-177190.054648379,-0.455409726688614,-0.397476575188773,45967.2442910414
322.8,-1.18514367772093,-21.1757136249726,19.9905699472517,-0.318473184867124,382167.821840548,-121710.203375291,-0.555922765379259,-0.385660189107518,56877.2157996209
322.9,-1.22410350115159,-21.1849064952422,19.9608029940906,-0.251479158552853,301774.990263422,-75890.1206237406,-0.654545669172764,-0.373601590499901,67617.9572540233
323,-1.25682623336096,-21.1940132057775,19.9371869724165,-0.184036833554759,220844.200265711,-40643.4673258346,-0.750540728630144,-0.360964643753342,78099.8185129049
323.1,-1.28319394264994,-21.2029663164464,19.9197723737964,-0.116885790218532,140262.948262238,-16394.7455460129,-0.843223601623225,-0.347441796281603,88238.8112265058
323.2,-1.30315752422726,-21.2117021695609,19.9085446453336,-0.05073899905119,60886.7988614278,-3089.33522965998,-0.931969043674746,-0.332759422692457,97957.5938288711
323.3,-1.31673549997647,-21.2201615346177,19.9034260346412,0.0137269414346447,-16472.329721574,-226.114705380205,-1.0162149953155,-0.316681846075273,107186.249151204
323.4,-1.3240118854097,-21.228290190408,19.9042783049983,0.0758804727073455,-91056.5672488143,-6909.41536594823,-1.09546504845043,-0.299013939681931,115862.846179363
323.5,-1.32513319505988,-21.2360394353192,19.9109062402594,0.135142534638576,-162171.041566291,-21916.2056022465,-1.16928938183045,-0.279602287915025,123933.78729048
323.6,-1.32030467396902,-21.2433665184989,19.9230618445299,0.190992735811023,-229191.282973227,-43773.8701590949,-1.23732431622748,-0.258334960969645,131353.951406574
323.7,-1.3097858556225,-21.2502349864847,19.9404491308622,0.242974191077447,-291569.029292936,-70843.7490356878,-1.2992706891711,-0.235140027700074,138086.651369445
323.8,-1.2938855554732,-21.256614941846,19.9627293863728,0.290697012831956,-348836.415398346,-101405.703923307,-1.35489128413327,-0.209982991663311,144103.430043133
323.9,-1.27295641408904,-21.2624832122406,19.9895267981516,0.333840471066626,-400608.56527995,-133739.352146383,-1.40400756775874,-0.18286338190578,149383.723888107
324,-1.24738910510932,-21.2678234300255,20.0204343249161,0.372153863777345,-446584.636532814,-166198.197989288,-1.44649599017542,-0.153810760002516,153914.424872969
324.1,-1.21760632092891,-21.2726260241234,20.0550197031945,0.405456163861559,-486547.39663387,-197273.640975997,-1.48228408788341,-0.122880416463081,157689.371597978
324.2,-1.18405664380245,-21.2768881272269,20.0928314834245,0.433634531256769,-520361.437508121,-225646.688037932,-1.51134659780234,-0.0901490225824204,160708.798555275
324.3,-1.14720840243473,-21.2806134026076,20.1334050001729,0.456641799320233,-547970.159184279,-250226.079463704,-1.53370174754836,-0.0557104792154561,162978.768835006
324.4,-1.10754360474173,-21.283811795805,20.1762681910633,0.474493061668691,-569391.674002428,-270172.398686073,-1.54940783470937,-0.0196721641569375,164510.610707837
324.5,-1.06555202700388,-21.2864992172956,20.2209471902917,0.487261499001343,-584713.79880161,-284908.522090842,-1.55856015129534,0.0178482717276416,165320.372853051
324.6,-1.02172552876505,-21.2886971629186,20.2669716341536,0.495073593887319,-594088.312664781,-294117.436037406,-1.56128825349786,0.0567254684754086,165428.307076632
324.7,-0.976552652180239,-21.2904322793543,20.3138796271741,0.498103884311415,-597724.661173697,-297728.975479343,-1.55775352616518,0.0968282516804906,164858.381690311
324.8,-0.930513554614549,-21.2917358823433,20.3612223277288,0.496569403461528,-595883.284153832,-295897.406944965,-1.54814695026494,0.13802088800739,163637.823771108
324.9,-0.884075314546038,-21.2926434355924,20.4085681210463,0.490723943812124,-588868.732574548,-288971.986836629,-1.53268695348804,0.180163784666209,161796.684679958
325,-0.837687643467696,-21.2931939984482,20.4555063549805,0.480852268596363,-577022.722315635,-277462.685057122,-1.51161721130645,0.223113758281992,159367.420764867
325.1,-0.791779030580891,-21.2934296504391,20.5016506198582,0.467264374449284,-560717.24933914,-262003.194755377,-1.4852042691436,0.266724027340171,156384.480254052
325.2,-0.746753342511568,-21.2933949006842,20.5466415581727,0.450289887050495,-540347.864460593,-243313.178855937,-1.4537348753225,0.310844095730495,152883.887961932
325.3,-0.702986896782093,-21.2931360899699,20.5901491931878,0.430272649053234,-516327.17886388,-222161.463027945,-1.41751294721318,0.355319692292734,148902.821451371
325.4,-0.660826024927392,-21.2927007929864,20.631874768059,0.407565538627776,-489078.646353331,-199331.601932339,-1.37685613638018,0.399992913439862,144479.17546017
325.5,-0.620585138459376,-21.2921372278377,20.6715520893783,0.382525539582709,-459030.64749925,-175590.946119651,-1.33209200846376,0.444702684868832,139651.115348987
325.6,-0.582545307833506,-21.2914936794785,20.708948371645,0.355509071846317,-426610.886215579,-151664.040198035,-1.28355390535577,0.489285617077485,134456.624633668
325.7,-0.546953360662499,-21.2908179432266,20.7438645825641,0.326867585044176,-392241.102053011,-128210.901783134,-1.23157660610908,0.53357728168493,128933.055868881
325.8,-0.514021500250408,-21.2901567939494,20.776135293699,0.296943418184636,-356332.101821563,-105810.472323811,-1.17649194432965,0.5774138856654,123116.697802447
325.9,-0.483927438822676,-21.2895554859518,20.8056280471291,0.266065934458912,-319279.121350694,-84949.2977753927,-1.1186245695469,0.620634272934453,117042.374419337
326,-0.456815031521881,-21.2890572880026,20.8322422564807,0.234547950569251,-281457.540683101,-66015.2893394831,-1.05828805520234,0.663082141416548,110743.092921618
326.1,-0.432795387440343,-21.2887030573349,20.8559076698946,0.202682492976217,-243218.99157146,-49296.2315508651,-0.995781554613279,0.704608332352876,104249.757636624
326.2,-0.411948422991443,-21.2885308558482,20.8765824328568,0.170739926863141,-204887.912235768,-34982.5471502766,-0.931387188095932,0.745073029904346,97590.965229015
326.3,-0.394324811283472,-21.2885756111186,20.8942507998351,0.138965515263217,-166758.618315861,-23173.6973188458,-0.865368310311924,0.784347704730751,90792.8934680828
326.4,-0.379948269507093,-21.2888688241944,20.9089205546873,0.10757747368481,-129092.968421772,-13887.4954132873,-0.797968759100052,0.822316645656194,83879.2913567064
326.5,-0.368818115431335,-21.2894383255098,20.9206202100785,0.0767655880907101,-92118.7057088518,-7071.54661789506,-0.729413128976219,0.858877948014387,76871.5729677337
326.6,-0.360912014713655,-21.2903080795909,20.9293960648773,0.0466904601453078,-56028.5521743691,-2615.99888229668,-0.659908048401442,0.893943863900034,69789.0112560285
326.7,-0.356188833632835,-21.2914980385597,20.9353092049269,0.0174834327391344,-20980.1192869611,-366.8045044126,-0.589644374627341,0.92744046542851,62649.0218807745
326.8,-0.354591507724574,-21.2930240437682,20.9384325360436,-0.0107527689589957,12903.3227507949,-138.74644834265,-0.518800158375754,0.959306623553996,55467.5211686476
326.9,-0.356049836167895,-21.2948977742232,20.9388479380553,-0.0379426695946869,45531.2035136244,-1727.5754111659,-0.447544177501835,0.989492357873178,48259.3372458861
327,-0.360483114969263,-21.297126739809,20.9366436248397,-0.0640359664014749,76843.15968177,-4920.72599156499,-0.376039798237146,1.01795666286395,41038.6494855382
327.1,-0.367802529123388,-21.2997143166898,20.9319117875664,-0.0890047923130321,106805.750775638,-9506.22366562316,-0.304448897809041,1.04466495909331,33819.4290882328
327.2,-0.377913234847892,-21.3026598217001,20.9247465868522,-0.112840402396846,135408.482876215,-15279.5476956985,-0.232935575232409,1.06958635051923,26615.8530598023
327.3,-0.39071607729479,-21.3059586220177,20.9152425447229,-0.135549398799588,162659.278559506,-22048.3674179158,-0.161669388614202,1.09269088835989,19442.6651536878
327.4,-0.406108906199535,-21.3096022759846,20.903493369785,-0.157149638032803,188579.565639364,-29635.2104806093,-0.0908278867871726,1.11394704639465,12315.4604564869
327.5,-0.423987470900471,-21.3135787006152,20.8895912297148,-0.177665987079835,213199.184495802,-37878.2435580625,-0.0205982485712031,1.13331960144384,5250.87501996919
327.6,-0.444245896055833,-21.3178723611162,20.8736264650604,-0.197126109282686,236551.331139223,-46630.4435531153,0.0488220986495704,1.1507680868183,-1733.33203265791
327.7,-0.466776759118844,-21.3224644776617,20.8556877185429,-0.215556465521394,258667.758625673,-55757.5077936912,0.117225942093702,1.16624594756637,-8618.3095896992
327.8,-0.491470809100377,-21.3273332447305,20.8358624356301,-0.232978709723402,279574.451668081,-65134.8950212571,0.184397818138145,1.17970047723727,-15384.2571775875
327.9,-0.5182163823062,-21.3324540585165,20.8142376762103,-0.249406639945912,299287.967935093,-74644.4064589314,0.250116537338703,1.19107356028726,-22010.6702923366
328,-0.546898583664454,-21.3377997482842,20.7909011646197,-0.264843837790558,317812.605348669,-84170.7100987576,0.314158554221835,1.20030318636342,-28476.6730282438
328.1,-0.577398311239591,-21.343340808035,20.7659424967954,-0.279282091304411,335138.509565293,-93598.1838280384,0.376301981715452,1.20732564688293,-34761.4171148926
328.2,-0.609591206091341,-21.3490456254727,20.7394544193814,-0.292700652213739,351240.782656486,-102808.406167618,0.436331009750045,1.21207827481291,-40844.5224615003
328.3,-0.643346609598691,-21.3548807059743,20.7115340963756,-0.305066330410914,366079.596493096,-111678.559140457,0.494040464060239,1.21450254909574,-46706.5320374239
328.4,-0.678526605843654,-21.3608108900561,20.6822842842125,-0.316334380549884,379601.25665986,-120080.928381454,0.549240236038929,1.21454735874021,-52329.3535319123
328.5,-0.714985218043378,-21.3667995636348,20.6518143455915,-0.32645009095458,391740.109145495,-127883.594261104,0.601759327776633,1.21217221019034,-57696.6617380703
328.6,-0.752567815992212,-21.3728088611666,20.6202410451744,-0.335350947099173,402421.136519007,-134952.309264375,0.651449286935617,1.20735016602077,-62794.2388597109
328.7,-0.79111077689452,-21.3787998624728,20.5876890855783,-0.34296921340308,411563.056083695,-141153.457610793,0.698186851384492,1.20007032290479,-67610.234682234
328.8,-0.830441425838192,-21.3847327846705,20.5542913588323,-0.349234759907521,419081.711889024,-146357.901033196,0.741875680022511,1.19033967059062,-72135.3344106853
328.9,-0.870378265543291,-21.3905671710931,20.5201889055498,-0.354077955506631,424893.546607956,-150445.438290906,0.782447109649532,1.17818421867961,-76362.8285136945
329,-0.910731488969095,-21.3962620793817,20.4855305904126,-0.357432456711268,428918.948053521,-153309.553332783,0.819859943351449,1.16364933085128,-80288.5856331117
329.1,-0.951303753831883,-21.4017762710285,20.4504725171966,-0.359237739363308,431085.287235968,-154862.104059431,0.854099338873873,1.14679926277446,-83910.9360337642
329.2,-0.991891185875954,-21.4070684045737,20.4151772186977,-0.359441248377497,431329.498052995,-155037.613242208,0.885174921357719,1.12771595596854,-87230.4787172838
329.3,-1.03228456844309,-21.4120972343816,20.3798126659385,-0.358000074901616,429600.089881939,-153796.864355475,0.913118289762664,1.10649719110055,-90249.8298179768
329.4,-1.07227066985576,-21.4168218165031,20.3445511466473,-0.354882108283493,425858.529940191,-151129.572935684,0.937980117386114,1.08325424679347,-92973.3329437153
329.5,-1.1116336574676,-21.4212017225708,20.3095680651032,-0.350066648806579,420079.978567894,-147055.990328002,0.959827062301332,1.05810924085408,-95406.7535450094
329.6,-1.15015654780089,-21.4251972620406,20.2750407142397,-0.343544503322862,412253.403987433,-141627.390916022,0.97873870273029,1.03119234772276,-97556.97914397
329.7,-1.18762264562492,-21.4287697124061,20.2411470667812,-0.335317617062538,402381.140475045,-134925.485174999,0.994804696025243,1.00263908782932,-99431.7454148433
329.8,-1.22381693059816,-21.4318815563362,20.2080646257381,-0.325398319000147,390477.982800176,-127060.879209746,1.00812232991333,0.972587871520518,-101039.40488284
329.9,-1.25852735754868,-21.4344967240531,20.1759693665044,-0.313808273899686,376569.928679622,-118170.75932148,1.01879459380892,0.941177953585302,-102388.750703559
330,-1.29154604488594,-21.4365808387143,20.1450347938284,-0.300577241051605,360692.689261925,-108416.013405833,1.02692884991561,0.908547916480811,-103488.90298222
330.1,-1.32267033431915,-21.4381014621281,20.115431127809,-0.285741738081039,342890.085697246,-97978.0090578872,1.03263613257049,0.874834754354731,-104349.259814201
330.2,-1.35170371335598,-21.4390283378193,20.0873246244633,-0.269343699137425,323212.43896491,-87055.2339180381,1.03603105399719,0.840173579668456,-104979.510108243
330.3,-1.37845659944656,-21.439333628299,20.0608770288525,-0.251429201984413,301715.042381295,-75859.9723326222,1.03723224929018,0.804697923740143,-105389.700696257
330.4,-1.40274699074563,-21.4389921433588,20.0362451526131,-0.232047320141064,278456.784169276,-64615.150541579,1.03636325648758,0.768540555895486,-105590.346584597
330.5,-1.42440099309385,-21.4379815563056,20.0135805632118,-0.211249136625904,253498.963951085,-53551.4372702279,1.03355370164866,0.731834706814697,-105592.570719652
330.6,-1.44325323594917,-21.4362826052562,19.993029369307,-0.189086937320257,226904.324784308,-42904.6438381857,1.02894064558877,0.69471555310912,-105408.258477677
330.7,-1.45914719177929,-21.433879276886,19.9747320851067,-0.165613586506244,198736.303807493,-32913.4320425534,1.02266994887515,0.657321804254811,-105050.212279404
330.8,-1.47193541414008,-21.4307589703651,19.958823556225,-0.140882076268791,169058.491522549,-23817.3112965665,1.01489752424575,0.619797230784737,-104532.293189893
330.9,-1.48147970969144,-21.4269126395637,19.9454329298722,-0.114945236066493,137934.283279791,-15854.888753258,1.00579036908933,0.582291983976235,-103869.53889928
331,-1.48765125916092,-21.4223349119728,19.9346836528119,-0.0878555890478961,105426.706857475,-9262.32543234333,0.995527302399714,0.544963580912364,-103078.250804726
331.1,-1.49033070216595,-21.4170241831185,19.9266934809526,-0.0596653470774455,71598.4164929346,-4271.94437024644,0.984299367370768,0.507977462467923,-102176.046675938
331.2,-1.48940820119047,-21.4109826855619,19.9215744843714,-0.0304265457520945,36511.8549025134,-1110.92962368516,0.972309898799493,0.471507072368957,-101181.879199257
331.3,-1.48478350111644,-21.4042165318539,19.9194330307375,-0.000191332232435625,229.598678922619,-0.0439296278025351,0.959774289892969,0.435733449330674,-100116.024170869
331.4,-1.47636600262332,-21.3967357310676,19.9203697284443,0.0309875695594585,-37185.0834713498,-1152.27536064272,0.946919522356555,0.400844367473241,-99000.0448943676
331.5,-1.46407487041623,-21.3885541787678,19.9244793083515,0.0630561820751155,-75667.4184901384,-4771.29851746813,0.933983543762339,0.36703309890864,-97856.7411433258
331.6,-1.447839200386,-21.3796896205191,19.9318504201331,0.0959583456039003,-115150.01472468,-11049.6049092451,0.921214584977526,0.334496903153099,-96710.0916791534
331.7,-1.42759827305005,-21.3701635892946,19.9425653162445,0.129634498142184,-155561.39777062,-20166.123730291,0.908870506728618,0.303435368117745,-95585.1986825076
331.8,-1.4033019234625,-21.360001317442,19.9566993939795,0.164020130813807,-196824.156976568,-32283.123974614,0.897218248202575,0.274048735071002,-94508.2405972543
331.9,-1.37491105962964,-21.3492316242162,19.9743205645865,0.199043900563605,-238852.680676325,-47542.169221889,0.886533423135484,0.246536334451065,-93506.436953591
332,-1.34239836172152,-21.3378867802884,19.9954884185668,0.234625403638729,-281550.484366474,-66058.8960391638,0.877100072413884,0.221095241198504,-92608.0249944949
332.1,-1.3057491924735,-21.326002351101,20.0202531586275,0.270672641263204,-324807.169515844,-87916.4144740787,0.869210540051265,0.197919228972682,-91842.2437289001
332.2,-1.26496274467307,-21.3136170214372,20.0486542767641,0.307079241000781,-368495.089200937,-113157.192304339,0.863165395424421,0.177198064811801,-91239.316787969
332.3,-1.22005344423757,-21.3007724040895,20.0807189598519,0.343721531055101,-412465.83726612,-141773.389093035,0.859273283152986,0.159117142889793,-90830.421605679
332.4,-1.17105261702879,-21.2875128360116,20.1164602189828,0.380455597229125,-456546.716674949,-173695.753755564,0.857850547289931,0.143857411921291,-90647.6294085248
332.5,-1.11801041438014,-21.2738851657834,20.1558747514033,0.417114480386778,-500537.376464133,-208781.387697998,0.85922045252576,0.131595509561558,-90723.7986592938
332.6,-1.06099797673788,-21.2599385365606,20.1989405598227,0.453505693147613,-544206.831777135,-246800.896460756,0.863711815172141,0.122503982771924,-91092.4042507257
332.7,-1.00010979748862,-21.2457241688793,20.2456143713906,0.48940924581246,-587291.094974951,-287425.691864065,0.871656863076126,0.116751449002574,-91787.2860677894
332.8,-0.935466230816722,-21.2312951477003,20.2958289168836,0.524576371520678,-629491.645824812,-330216.44346936,0.883388167408624,0.114502541809791,-92842.3035803679
332.9,-0.867216069328123,-21.2167062178771,20.349490148549,0.558729128640994,-670474.954369192,-374613.887030309,0.899234530207206,0.115917487757815,-94290.8877958317
333,-0.795539100308872,-21.2020135917992,20.4064744914903,0.591561034616375,-709873.241539648,-419933.349211674,0.919515767982188,0.121151179541321,-96165.4879554444
333.1,-0.720648535009204,-21.1872747723014,20.4666262372922,0.622738851026975,-747286.621232368,-465364.411894075,0.944536400639213,0.130351642330641,-98496.9174326122
333.2,-0.642793194361111,-21.1725483930495,20.5297551986884,0.651905596333525,-782286.715600228,-509977.087837161,0.974578332290595,0.143657834303324,-101313.610912206
333.3,-0.562259328038497,-21.1578940775519,20.5956347495134,0.67868481293224,-814421.775518685,-552735.690365841,1.00989269116913,0.161196775032462,-104640.81255428
333.4,-0.479371942558778,-21.1433723167501,20.6640003741913,0.702686061337689,-843223.273605225,-592521.240957928,1.05069107418547,0.18308005287692,-108499.721896842
333.5,-0.394495518766941,-21.129044363861,20.734548845094,0.72351155905588,-868213.870867053,-628162.771304962,1.09713651184604,0.209399820267524,-112906.63016805
333.6,-0.308034009814456,-21.1149721438539,20.8069381340394,0.740763827390732,-888916.592868877,-658477.257564679,1.14933452564974,0.24022443915408,-117872.083953003
333.7,-0.22043002760396,-21.1012181736943,20.8807881460903,0.754054158168839,-904864.989802605,-682317.208142058,1.20732468772108,0.275593983437228,-123400.115387452
333.8,-0.132163148239652,-21.0878454883553,20.9556823401156,0.763011666053178,-915613.999263811,-698624.163039894,1.27107310736286,0.315515837104569,-129487.577957183
333.9,-0.043747294588389,-21.074917566628,21.0311702720396,0.76729265246351,-920751.18295621,-706485.617429385,1.34046625884945,0.359960643072681,-136123.624452586
334,0.0442728144147004,-21.0624982500165,21.1067710644312,0.766589975781845,-919907.970938212,-705192.22916305,1.41530652820901,0.408858856607343,-143289.358719882
334.1,0.131326123906753,-21.0506516475183,21.1819777714251,0.760642101168168,-912770.521401799,-694291.687283429,1.4953097948362,0.462098138165099,-150957.685791977
334.2,0.216820553599188,-21.0394420189085,21.2562625725076,0.749241493657303,-899089.792388761,-673635.378981389,1.58010527925629,0.519521784443838,-159093.376159735
334.3,0.300149064883648,-21.0289336292878,21.3290826941715,0.732242021930414,-878690.426316494,-643414.054416887,1.66923778567405,0.580928345526786,-167653.349877961
334.4,0.38069635848376,-21.0191905681462,21.3998869266299,0.709565058720933,-851478.070465118,-604179.087069168,1.76217235302179,0.646072513575088,-176587.175505453
334.5,0.457846048398252,-21.0102765270351,21.4681225754334,0.681203998215791,-817444.797858948,-556846.664622215,1.85830120811272,0.714667298780772,-185837.768223548
334.6,0.530988135375498,-21.0022545311397,21.5332426665152,0.64722696125779,-776672.353509346,-502683.28725479,1.95695279687672,0.78638743601421,-195342.261535835
334.7,0.599526587676824,-20.9951866215615,21.5947132092383,0.607777524780412,-729333.029736493,-443272.223553845,2.05740256224154,0.860873895771384,-205033.018352796
334.8,0.662886829406212,-20.9891334869409,21.6520203163471,0.563073390567811,-675688.068681371,-380461.971798635,2.15888504724279,0.937739310455606,-214838.740550582
334.9,0.72052293775722,-20.9841540450919,21.7046769828491,0.513402996637526,-616083.59596503,-316299.164347669,2.26060683554045,1.01657407599343,-224685.631678734
335,0.77192436022623,-20.980304977521,21.7522293377472,0.45912016756215,-550944.201074579,-252949.593914756,2.36175980325188,1.09695285271933,-234498.56563978
335.1,0.816621980740198,-20.9776402219575,21.7942622026977,0.400636992212517,-480764.390655018,-192611.99943491,2.46153414850149,1.17844117071735,-244202.214967001
335.2,0.854193388850408,-20.9762104302177,21.8304038190681,0.338415202580308,-406098.243096369,-137429.819204965,2.55913068878718,1.26060184449156,-253722.095705383
335.3,0.884267237335781,-20.9760624007509,21.8603296380866,0.272956399485308,-327547.679382369,-89406.2352239796,2.65377196941985,1.34300091976542,-262985.491610585
335.4,0.906526609095334,-20.9772384969494,21.8837651060448,0.204791524765436,-245749.829718521,-50327.4823389021,2.74471180508733,1.42521290994392,-271922.228034271
335.5,0.920711352223499,-20.9797760636443,21.9004874158678,0.134470010930109,-161364.013116131,-21698.6206074523,2.83124297545706,1.50682512874829,-280465.274959363
335.6,0.926619380692106,-20.983706855067,21.9103262357591,0.0625490458750928,-75058.8550501107,-4694.85976786132,2.91270290779552,1.58744098527485,-288551.168606488
335.7,0.924106975176187,-20.9890564878808,21.913163463057,-0.0104166282958703,12499.9539550445,-130.207374065192,2.9884772972282,1.66668217411486,-296120.251236187
335.8,0.913088152473474,-20.9958439326436,21.9089320851171,-0.0838840054461285,100660.806535354,-8443.83164362336,3.05800173071984,1.74418976173852,-303116.738607585
335.9,0.893533201147559,-21.0040810562677,21.8976142574152,-0.157329880053731,188795.856064477,-29703.2293892656,3.12076148678056,1.81962423660873,-309488.633453801
336,0.865466504271556,-21.0137722267394,21.879238731011,-0.230257449593126,276308.93951175,-63622.1917117568,3.17628977291256,1.89266465024725,-315187.510806073
336.1,0.828963786648906,-21.0249139896188,21.8538777762677,-0.302201305351461,362641.566421751,-109590.754747352,3.22416473189846,1.96300702608971,-320168.206658005
336.2,0.784148933235798,-21.0374948237596,21.8216437569954,-0.372730753307653,447276.903969182,-166713.857353548,3.26400559285786,2.03036224958216,-324388.445050668
336.3,0.73119052769054,-21.0514949813911,21.7826855090816,-0.441451495088275,529741.794105929,-233855.307018808,3.29546836204138,2.09445367468937,-327808.440058702
336.4,0.670298255413602,-21.066886415294,21.7371846707076,-0.50800577943797,609606.935325562,-309683.846330855,3.31824144188112,2.15501468794516,-330390.508386865
336.5,0.601719304834933,-21.0836327934271,21.6853520982621,-0.572071202663363,686485.443196034,-392718.553100046,3.33204153684392,2.21178646157852,-332098.725497669
336.6,0.525734885037565,-21.1016895991051,21.6274244841427,-0.633358388914895,760030.066697871,-481371.418570644,3.33661015453982,2.26451610330754,-332898.653652549
336.7,0.442656958255856,-21.1210043128139,21.5636612710698,-0.691607816090331,829929.379308395,-573985.645532683,3.33171094482946,2.31295537420339,-332757.164324495
336.8,0.352825263641254,-21.1415166700359,21.4943419336771,-0.746586070047067,895903.284056479,-668868.911985988,3.31712804358099,2.3568601004041,-331642.370559445
336.9,0.256604685268396,-21.1631589881047,21.4197636733731,-0.798081809407769,957698.171289321,-764321.489409092,3.29266550680483,2.39599035271942,-329523.677493577
337,0.154382993931982,-21.1858565541469,21.3402395480788,-0.845901707305818,1015082.04876698,-858659.638107476,3.25814784063703,2.43011141389525,-326371.95184611
337.1,0.0465689700191909,-21.2095280655921,21.2560970356113,-0.889866607546146,1067839.92905537,-950235.095070822,3.21342155812337,2.4589955001009,-322159.80424919
337.2,-0.0664091053808704,-21.2340861145348,21.1676770091539,-0.929808094027197,1115769.71283263,-1037451.71006218,3.15835762933418,2.4824241544472,-316861.972142888
337.3,-0.184104621176491,-21.2594377073596,21.0753330861832,-0.96556562735558,1158678.75282669,-1118780.37687669,3.09285464042368,2.50019118899247,-310455.785974088
337.4,-0.306053512588186,-21.2854848114589,20.9794312988707,-0.996984354898109,1196381.22587773,-1192773.36469391,3.01684244214327,2.51210602009039,-302921.69782152
337.5,-0.431774896918359,-21.312124921495,20.8803500245766,-1.02391365336062,1228696.38403274,-1258079.00344595,2.93028605016021,2.51799722169062,-294243.84945204
337.6,-0.560771528884501,-21.3392516384415,20.778480109557,-1.04620641924781,1255447.70309737,-1313457.44601039,2.83318955828684,2.51771611311257,-284410.656217395
337.7,-0.692530138318581,-21.3667552554906,20.674225117172,-1.06371908455223,1276462.90146267,-1357797.94900876,2.72559984027489,2.51114020184019,-273415.384047118
337.8,-0.826521712532148,-21.3945233457845,20.5680016332523,-1.07631230436245,1291574.76523494,-1390137.8118264,2.60760984411464,2.49817631719339,-261256.698912507
337.9,-0.962201782473063,-21.4224413477624,20.4602395652893,-1.08385224064951,1300622.68877941,-1409682.81547316,2.47936132199736,2.47876329577178,-247939.1712844
338,-1.09901076657881,-21.4503931446594,20.3513823780806,-1.08621235243532,1303454.82292239,-1415828.72949969,2.34104688592854,2.45287411220619,-233473.72198444
338.1,-1.23637441963304,-21.4782616353292,20.2418872156961,-1.08327559634893,1299930.71561871,-1408183.22117415,2.19291132982435,2.42051738643917,-217878.00010431
338.2,-1.37370442662171,-21.5059292940704,20.1322248674487,-1.07493694216509,1289924.3305981,-1386587.31555748,2.03525221016147,2.38173823869711,-201176.687999984
338.3,-1.51039917417632,-21.5332787175175,20.0228795433412,-1.0611061138129,1273327.33657548,-1351135.42172535,1.86841972545531,2.33661850267857,-183401.732433471
338.4,-1.64584472520853,-21.5601931569247,19.9143484317162,-1.04171047581569,1250052.57097883,-1302192.85850898,1.69281597698901,2.28527634357802,-164592.504444255
338.5,-1.77941601618918,-21.5865570343546,19.8071410181655,-1.01669799637468,1220037.59564962,-1240409.77899876,1.50889372683341,2.22786535802138,-144795.893252562
338.6,-1.91047829147173,-21.6122564414053,19.7017781499335,-0.986040229616266,1183248.27553952,-1166730.40130604,1.31715479248378,2.16457325590732,-124066.341261451
338.7,-2.03838878523114,-21.6371796192196,19.5987908339884,-0.949735269379538,1139682.32325544,-1082396.49828411,1.11814822931771,2.09562023820246,-102465.827946411
338.8,-2.1624986589684,-21.6612174186431,19.4987187596747,-0.907810634142708,1089372.76097125,-988944.176955101,0.912468452215168,2.02125718925628,-80063.8100928611
338.9,-2.28215520097909,-21.6842637395702,19.4021085385912,-0.860326046482457,1032391.25577895,-888193.08750736,0.700753436452846,1.94176379718581,-56937.124535919
339,-2.39670429346053,-21.7062159487649,19.3095116553043,-0.807376070473538,968851.284568243,-782227.343007948,0.483683116402344,1.85744670199601,-33169.8574174985
339.1,-2.50549315272439,-21.7269752757732,19.2214821230488,-0.749092566752783,898911.080103338,-673367.608277126,0.261978070178398,1.76863774961015,-8853.18120832197
339.2,-2.60787334793849,-21.7464471869614,19.1385738390229,-0.685646918104391,822776.301725267,-564134.035567258,0.0363985411701053,1.6756924026538,15914.8424025635
339.3,-2.70320410358683,-21.7645417381936,19.0613376346068,-0.61725196926807,740702.363121682,-457199.992278371,-0.192256194394564,1.5789883278066,41029.4988924447
339.4,-2.79085589008099,-21.7811739071849,18.9903180171039,-0.544163614449282,652996.337339137,-355336.847148607,-0.423148148633094,1.47892414717889,66379.7047622809
339.5,-2.87021430540123,-21.7962639070748,18.9260496016736,-0.46668195618934,560018.347427207,-261350.45787925,-0.655400710351571,1.37591830992381,91848.3496589705
339.6,-2.94068424808617,-21.8097374832176,18.8690532351314,-0.385151951454102,462182.341744921,-178010.430850683,-0.888098619901158,1.27040801250603,117312.709439319
339.7,-3.00169437820144,-21.821526195507,18.8198318173056,-0.299963456688696,359956.148026435,-107973.690418357,-1.12028798595485,1.16284807381833,142644.943827397
339.8,-3.05270185805811,-21.8315676887015,18.7788658306434,-0.211550584744752,253860.701693702,-53704.3798870158,-1.35097652880933,1.05370965638894,167712.692240756
339.9,-3.09319735845147,-21.8398059531122,18.7466085946608,-0.120390294373258,144468.353247909,-17392.5875751355,-1.57913425550188,0.943478718491692,192379.78015999
340,-3.1227103091363,-21.8461915776473,18.723481268511,-0.0270001483687485,32400.1780424983,-874.809614321321,-1.8036947828952,0.832654084727713,216507.046089214
340.1,-3.14081436426765,-21.8506819965278,18.7098676322601,0.068064800111836,-81677.7601342029,-5559.38041711701,-2.02355752499441,0.721745034653342,239953.295773064
340.2,-3.14713304474818,-21.8532417300247,18.7061086852765,0.164216002299587,-197059.202759503,-32360.2744935092,-2.2375909495974,0.611268329740089,262576.386036976
340.3,-3.14134550995587,-21.8538426183438,18.712497108388,0.260836260912806,-313003.513095367,-81642.666008368,-2.44463708684521,0.501744627245512,284234.435597282
340.4,-3.123192401279,-21.8524640463735,18.7292716450945,0.357285358137724,-428742.429765267,-153183.392567521,-2.64351743868147,0.393694263825121,304787.154686731
340.5,-3.09248168933206,-21.8490931555147,18.7566114661826,0.452906348325247,-543487.617990294,-246148.992423971,-2.83304039445719,0.287632429897859,324097.279628811
340.6,-3.04909444572371,-21.8437250373525,18.7946305916288,0.54703235619377,-656438.827432523,-359093.278467489,-3.01201020520631,0.18406379559052,342032.092852581
340.7,-2.99299044886516,-21.8363629026506,18.8433724537854,0.638993684089495,-766792.420907393,-489975.513967518,-3.1792375092066,0.0834766880998448,358465.003545941
340.8,-2.92421352165698,-21.8270182181932,18.9028046965362,0.728125004769426,-873750.00572331,-636199.227084571,-3.33355133650904,-0.0136630438826906,373277.159456445
340.9,-2.84289648717755,-21.8157108035086,18.972814316331,0.813772403317384,-976526.883980858,-794670.629281139,-3.47381245272862,-0.106918312672932,386359.056489556
341,-2.74926561705661,-21.8024688795798,19.0532032625232,0.895300036456973,-1074360.04374837,-961874.586335828,-3.59892783540312,-0.195887032011232,397612.109906977
341.1,-2.64364443656174,-21.7873290623594,19.1436846257976,0.972096201618528,-1166515.44194223,-1133965.2302414,-3.707866012681,-0.280208112241501,406950.149227671
341.2,-2.52645674125956,-21.7703362952649,19.2438795540054,1.04357865175907,-1252294.38211088,-1306867.68288874,-3.79967293705685,-0.359567002798519,414300.798468411
341.3,-2.39822867333317,-21.7515437167933,19.3533150434601,1.10919905309101,-1331038.86370921,-1476387.0472536,-3.87348801923976,-0.433700580505888,419606.704169613
341.4,-2.25958970230008,-21.7310124618457,19.4714227595456,1.16844655728388,-1402135.86874065,-1638320.82867425,-3.92855991158865,-0.50240119823373,422826.575734958
341.5,-2.11127235613718,-21.7088113981332,19.5975390419961,1.220850541071,-1465020.64928519,-1788571.25236002,-3.96426160894429,-0.565519733879323,423936.005932362
341.6,-1.95411055584307,-21.6850168019176,19.7309062460745,1.26598264670217,-1519179.1760426,-1923254.47410124,-3.98010442855399,-0.62296751318941,422928.043890567
341.7,-1.78903642030931,-21.6597119800914,19.8706755597821,1.30345832776302,-1564149.99331562,-2038804.33465772,-3.97575044081026,-0.674717019996332,419813.498482922
341.8,-1.61707542984933,-21.6329868479685,20.0159114181192,1.33293815816343,-1599525.78979611,-2132068.96018572,-3.95102294863878,-0.720801352031312,414620.956493323
341.9,-1.43933986630245,-21.6049374738955,20.165597607593,1.35412919043547,-1624955.02852255,-2200399.03726728,-3.90591465476969,-0.761312427445762,407396.507254686
342,-1.25702048526956,-21.5756656027352,20.3186451174656,1.36678664788991,-1640143.97746789,-2241726.88902016,-3.84059321135828,-0.796397994267417,398203.173350428
342.1,-1.07137642116228,-21.5452781702688,20.4739017491066,1.37071620155472,-1644859.44186566,-2254635.48624552,-3.75540391350309,-0.826257540020213,387120.055249715
342.2,-0.883723377171318,-21.5138868195821,20.6301634424108,1.3657770183321,-1638932.42199852,-2238416.23656495,-3.65086937475692,-0.851137239549787,374241.206143103
342.3,-0.695420208197699,-21.4816074285757,20.786187220378,1.3518856759217,-1622262.81110604,-2193113.85691474,-3.52768610607958,-0.871324113841186,359674.261453484
342.4,-0.507854062923705,-21.4485596550119,20.9407055920882,1.32902093014141,-1594825.11616969,-2119555.95930472,-3.3867180070042,-0.887139599703798,343538.855182449
342.5,-0.322424308797771,-21.4148665021809,21.0924421933831,1.29722920091559,-1556675.0410987,-2019364.31964971,-3.22898686614167,-0.898932748395643,325964.862059564
342.6,-0.140525517785104,-21.3806539046251,21.2401283868399,1.25663052524182,-1507956.63029019,-1894944.33236345,-3.05566005453527,-0.907073279731327,307090.510037213
342.7,0.0364701617338312,-21.3460503297126,21.3825204914464,1.20742461994094,-1448909.54392913,-1749449.05540743,-2.86803567677895,-0.911944716569144,287060.411687456
342.8,0.207230883410961,-21.311186387519,21.51841727093,1.1498966141291,-1379875.93695491,-1586714.66782267,-2.66752551823171,-0.913937812868853,266023.565233936
342.9,0.370482841967679,-21.2761944387759,21.6466772807436,1.08442195948985,-1301306.35138781,-1411165.18346855,-2.45563618918798,-0.913444467288366,244131.376096904
343,0.525027470566851,-21.2412081888272,21.7662356593941,1.01147001133749,-1213764.01360498,-1227685.90060206,-2.23394891579508,-0.910852284544454,221535.747854855
343.1,0.669757696658156,-21.2063622547796,21.8761199514377,0.931605797797904,-1117926.95735748,-1041467.2349888,-2.00409846049679,-0.906539909934292,198387.287467748
343.2,0.803672874011035,-21.1717916934443,21.9754645674554,0.845489557469737,-1014587.46896368,-857823.110148445,-1.76775167003222,-0.900873220321624,174833.663632069
343.3,0.92589204082417,-21.1376314792347,22.0635235200589,0.753873723632442,-904648.468358928,-681990.709420131,-1.52658614549507,-0.894202409664521,151018.149543145
343.4,1.03566519914567,-21.1040159238042,22.1396811229498,0.657597158434103,-789116.59012092,-518920.827336726,-1.28226950656881,-0.886859961144399,127078.372533967
343.5,1.13238236718372,-21.0710780327046,22.2034603998883,0.557576584159524,-669091.900991427,-373069.976643602,-1.03643968179168,-0.879159453583515,103145.283537817
343.6,1.21558022067795,-21.0389487984515,22.2545290191295,0.45479530976377,-545754.371716523,-248206.528539748,-0.790686600691381,-0.871395109502929,79342.3496312917
343.7,1.28494620919341,-21.0077564338065,22.2927026429999,0.350289497935215,-420347.397522256,-147243.278836445,-0.546535595058019,-0.863841958081467,55784.9636132276
343.8,1.34032010468368,-20.9776255535135,22.3179456581971,0.245132350105109,-294158.82012613,-72107.8428816642,-0.305432739579685,-0.856756460310668,32580.0561924967
343.9,1.38169300969455,-20.9486763168469,22.3303693265415,0.140416694624567,-168500.03354948,-23660.2177551467,-0.068732281240853,-0.850377427232895,9825.8893535339
344,1.40920391815964,-20.9210235468775,22.3302274650371,0.0372365396970127,-44683.8476364159,-1663.87186632867,0.162313772792862,-0.844927056182815,-12387.9957980021
344.1,1.42313398032919,-20.8947758451145,22.3179098254437,-0.063331806577243,75998.1678926905,-4813.10126920472,0.386563912859899,-0.840611914694328,-33980.706701695
344.2,1.42389867299983,-20.8700347220029,22.2939333950028,-0.160248442477843,192298.130973411,-30815.4759798893,0.602993297839362,-0.837623716815519,-54879.8337396642
344.3,1.41203811555561,-20.8468937645496,22.2589318801052,-0.252527828869153,303033.394642984,-76524.3652240421,0.810697957784951,-0.83613976100374,-75021.2217852339
344.4,1.38820580074298,-20.8254378621358,22.2136436628788,-0.339255478573223,407106.574287868,-138113.135690336,1.00889718161935,-0.836322931005698,-94348.7066758754
344.5,1.3531560265934,-20.8057425104011,22.1588985369945,-0.419602944235271,503523.533082322,-211279.956973088,1.19693426269945,-0.838321199161454,-112813.840175082
344.6,1.30773032306666,-20.7878732110726,22.0956035341393,-0.492840766278366,591408.919534038,-291470.425087015,1.37427577928649,-0.842266613079003,-130375.621596937
344.7,1.25284316488965,-20.7718849829308,22.0247281478205,-0.558349144399047,670018.973278855,-374104.520461377,1.54050957804222,-0.848273789103531,-147000.248130912
344.8,1.18946725213768,-20.7578219959197,21.9472892480574,-0.615626195416741,738751.434500088,-454794.734979949,1.6953416096049,-0.856437976929174,-162660.889487859
344.9,1.1186186240011,-20.7457173369318,21.864335960933,-0.664293750348914,797152.500418696,-529543.42410315,1.83859173972632,-0.86683279668102,-177337.486252104
345,1.04134185063441,-20.7355929121965,21.7769347628309,-0.704100719338288,844920.863205943,-594909.387567232,1.97018863131505,-0.879507780711309,-191016.56569647
345.1,0.958695524694498,-20.7274594876585,21.686155012353,-0.734924111604512,881908.933925412,-648136.139781215,2.09016376589192,-0.894485875471944,-203691.06416549
345.2,0.87173824968367,-20.7213168653828,21.5930551150664,-0.756767838169545,908121.405803452,-687237.073065366,2.19864465085473,-0.911761072880012,-215360.141746568
345.3,0.781515297824829,-20.7171541909812,21.4986694888061,-0.769759448910827,923711.33869299,-711035.531024999,2.29584724430367,-0.931296344840671,-226028.973025737
345.4,0.689046086914626,-20.7149503843985,21.4039964713132,-0.774144965318162,928973.958381793,-719160.512792949,2.38206762383548,-0.953022048830822,-235708.49735937
345.5,0.595312604087944,-20.7146746841651,21.309987288253,-0.770281970059764,924338.364071715,-712001.17607898,2.45767293051819,-0.976834957006269,-244415.113278501
345.6,0.501248885002425,-20.7162872934366,21.217536178439,-0.758631108545964,910357.330255155,-690625.390624412,2.52309163405353,-1.00259803699822,-252170.304272967
345.7,0.407731639602869,-20.7197401147746,21.1274717543774,-0.739746150574401,887695.380689279,-656669.240747572,2.57880318883551,-1.03014108067086,-259000.187084339
345.8,0.315572100052179,-20.7249775596504,21.0405496597026,-0.714262755836224,857115.307003467,-612205.541249707,2.62532718134098,-1.05926223924169,-264934.978500456
345.9,0.225509152090261,-20.731937418021,20.9574465701112,-0.682886088691636,819463.306429962,-559600.092154272,2.66321210454431,-1.08973048121876,-270008.382164024
346,0.138203797323168,-20.7405517729758,20.878755570299,-0.646377437199127,775652.92463895,-501364.549584132,2.6930239319234,-1.1212889456681,-274256.902718638
346.1,0.0542349800028212,-20.7507479453308,20.8049829253337,-0.605540009668185,726648.01160182,-440014.443970733,2.71533469899961,-1.15365911956762,-277719.100336765
346.2,-0.0259032029961688,-20.762449453091,20.7365462500948,-0.561204108501085,673444.9302013,-377940.061678196,2.73071133110714,-1.18654572660502,-280434.803929262
346.3,-0.101802906684782,-20.7755769708862,20.6737740642014,-0.514211914129633,617054.296955558,-317296.671159433,2.73970497927587,-1.21964217781755,-282444.305773999
346.4,-0.1731425729986,-20.7900492747658,20.6169067017672,-0.465402148782624,558482.578539148,-259918.99210978,2.74284113913749,-1.25263640384873,-283787.563615972
346.5,-0.239685632946756,-20.8057841581163,20.5660985251695,-0.415594927226909,498713.912672289,-207262.972244087,2.74061082852359,-1.28521686594185,-284503.438238257
346.6,-0.301277935060057,-20.8226993049441,20.521421369884,-0.365577135604438,438692.562725324,-160375.970492094,2.73346308642553,-1.31707852939254,-284628.994912293
346.7,-0.357843983615748,-20.8407131073667,20.482869123751,-0.316088705921541,379306.447105848,-119894.484013385,2.72179902846055,-1.34792857992236,-284198.895922375
346.8,-0.409382095379918,-20.8597454149179,20.450363319538,-0.267810168587534,321372.20230504,-86066.7436786601,2.70596765197318,-1.37749167073388,-283244.908527225
346.9,-0.455958608876212,-20.879718204233,20.4237595953568,-0.221351864954589,265622.237945506,-58795.9777426492,2.68626352829223,-1.40551450579002,-281795.548366815
347,-0.497701304272049,-20.9005561588908,20.4028548546187,-0.177245183022733,212694.219627279,-37699.0258857144,2.66292645224452,-1.43176959253953,-279875.872627285
347.1,-0.534792213540761,-20.9221871506837,20.3873949371429,-0.13593614020002,163123.368240023,-22174.3610549752,2.63614304244589,-1.4560580337986,-277507.430502055
347.2,-0.567460018226434,-20.9445426153977,20.3770825971712,-0.0977815762842151,117337.891541058,-11473.4839927509,2.60605020358697,-1.47821127223425,-274708.370960607
347.3,-0.595972244573076,-20.9675578183188,20.3715855737457,-0.063048138109386,75657.765731263,-4770.08126287224,2.57274027800472,-1.4980917499065,-271493.699936792
347.4,-0.620627471792563,-20.9911720071298,20.3705445353372,-0.0319141366232188,38296.9639478625,-1222.21453968657,2.53626763284038,-1.5155924973058,-267875.671187504
347.5,-0.6417477678959,-21.015328452582,20.3735806846861,-0.00447424125637673,5369.08950765211,-24.0226017843165,2.49665635579401,-1.53063571873525,-263864.287675014
347.6,-0.659671558185678,-21.0399743802539,20.3803028220683,0.0192531493136788,-23103.7791764145,-444.820510193771,2.45390867156701,-1.54317049108212,-259467.883809154
347.7,-0.674747113990087,-21.0650607997472,20.3903136857571,0.0393161496945718,-47179.3796334862,-1854.91155216717,2.40801364678506,-1.55316973836883,-254693.753636952
347.8,-0.687326823731546,-21.0905422407051,20.4032154169736,0.0558176572268357,-66981.1886722027,-3738.73302995102,2.35895572702357,-1.56062668248234,-249548.786426515
347.9,-0.697762375644082,-21.1163764079305,20.4186140322864,0.0689021726050601,-82682.607126072,-5697.01126763699,2.30672264799312,-1.56555099895079,-244040.06932998
348,-0.706400942499403,-21.1425237704815,20.4361228279821,0.0787417849880593,-94490.1419856709,-7440.3224437269,2.25131228520498,-1.56796492376155,-238175.417114
348.1,-0.713582415085714,-21.1689471017945,20.4553646867088,0.0855219950037797,-102626.394004535,-8776.8139553118,2.19273805235651,-1.56789956170716,-231963.791403713
348.2,-0.719637684743901,-21.1956109894709,20.475973304727,0.0894280744262029,-107313.689311443,-9596.85659469415,2.13103252665581,-1.56539163790943,-225415.576477357
348.3,-0.72488792807415,-21.2224813342688,20.4975934061946,0.0906326484812806,-108759.178177536,-9857.13236487761,2.06624906639453,-1.56048091197998,-218542.685239649
348.4,-0.729644801172128,-21.2495248579507,20.5198800567786,0.0892851349707,-107142.16196484,-9566.20239208333,1.99846128815011,-1.55320843939319,-211358.477344626
348.5,-0.734211408629072,-21.2767086389303,20.5424972303012,0.0855035858213336,-102604.3029856,-8773.03582596737,1.92776038299908,-1.54361581844253,-203877.481176644
348.6,-0.738883876101244,-21.3039996930998,20.5651158169986,0.0793693561713593,-95243.2274056309,-7559.39363886729,1.85425036738314,-1.5317455056539,-196114.92208024
348.7,-0.743953326348514,-21.3313646148805,20.587411288532,0.0709248809271969,-85109.857112636,-6036.40648144445,1.77804147883425,-1.51764222036579,-188086.07032795
348.8,-0.749708038744554,-21.3587692904801,20.6090612517355,0.0601746777784651,-72209.613334158,-4345.19021489052,1.69924203372499,-1.50135539346475,-179805.433252452
348.9,-0.756435562433502,-21.3861786917281,20.6297431292946,0.0470895287088352,-56507.434450602,-2660.90845682425,1.61794915800276,-1.48294254943861,-171285.826148751
349,-0.764424554129725,-21.4135567548444,20.6491322007147,0.0316136288574822,-37936.3546289785,-1199.30583544635,1.53423887753557,-1.46247344859578,-162537.365392391
349.1,-0.773966123101886,-21.4408663442858,20.6669002211839,0.0136743411521969,-16409.2093826361,-224.385127135996,1.44815610811116,-1.44003476108349,-153566.434191031
349.2,-0.785354487712155,-21.4680692976284,20.6827148099162,-0.00680593497021192,8167.12196425442,-55.584900982505,1.35970511315194,-1.41573499956614,-144374.676045221
349.3,-0.798886779080906,-21.4951265434835,20.6962397644026,-0.0298963764359862,35875.6517231834,-1072.55198880263,1.26884099782463,-1.38970940598697,-134958.073012361
349.4,-0.814861866667311,-21.5219982809265,20.7071364142592,-0.055643500727997,66772.2008735964,-3715.43900791993,1.17546278065366,-1.36212447197657,-125306.165057979
349.5,-0.833578126090739,-21.5486442060083,20.7150660799176,-0.0840567932676709,100868.151921205,-8478.65339333274,1.07940852851035,-1.33318177361707,-115401.463108214
349.6,-0.855330119380984,-21.575023768769,20.719693649388,-0.115094919748299,138113.903697958,-15896.2086622408,0.980452959806761,-1.30312081991333,-105219.10201391
349.7,-0.880404209869706,-21.6010964428767,20.720692233007,-0.148653223819975,178383.86858397,-26517.337142486,0.878307817075411,-1.27222064995092,-94726.7707812081
349.8,-0.90907318586698,-21.6268219896306,20.7177488037636,-0.184553159873355,221463.791848025,-40871.8425830879,0.772625188348742,-1.24079996481844,-83884.9465344831
349.9,-0.941590016867469,-21.652160698598,20.7105706817306,-0.22253423341808,267041.080101696,-59425.7820515671,0.663003822502951,-1.20921564448568,-72647.4462855845
350,-0.978180911171734,-21.6770735885676,20.6988926773958,-0.262248920956102,314698.705147321,-82529.3958511675,0.548998343576682,-1.17785957369548,-60962.297298346
350.1,-1.01903788256836,-21.7015225547094,20.6824846721411,-0.303260921078565,363913.105294277,-110360.623504103,0.43013113022698,-1.14715378066455,-48772.9133112541
350.2,-1.06431106446522,-21.7254704507294,20.6611593862642,-0.345046953087887,414056.343705464,-142868.879802281,0.305906496400103,-1.11754397373006,-36019.5507686627
350.3,-1.1141010313105,-21.7488810982349,20.6347800669244,-0.38700217370995,464402.608451939,-179724.818947471,0.175826695224076,-1.08949163963316,-22641.007131814
350.4,-1.16845139844629,-21.7717192193419,20.6032678208957,-0.428449132033274,514138.958439928,-220282.390488079,0.0394091766324676,-1.063464938658,-8576.5128457173
350.5,-1.22734197228539,-21.793950292554,20.5666083202686,-0.4686500339362,562380.040723439,-263559.425170081,-0.103795534304911,-1.03992869251507,6232.23992002837
350.6,-1.29068271295769,-21.8155403359626,20.524857623005,-0.506821946628409,608186.33595409,-308242.182701052,-0.254186003139947,-1.01933380748644,21838.9947234571
350.7,-1.35830875185562,-21.8364556256701,20.4781468738145,-0.542154448338678,650585.338006412,-352717.735024099,-0.412092758814115,-1.00210650558795,38290.82096862
350.8,-1.42997667776125,-21.8566623608459,20.4266856830847,-0.573829124067079,688594.948880493,-395135.836353109,-0.577762501058218,-0.988637748961942,55626.0640171887
350.9,-1.50536226876913,-21.8761262898632,20.3707640210941,-0.601040231221522,721248.277465825,-433499.231456184,-0.751344203672163,-0.979273237038202,73872.4208768982
351,-1.58405980462518,-21.8948123143805,20.3107525097553,-0.623015812952262,747618.975542713,-465778.44382628,-0.932877581823232,-0.974304332859892,93045.2028806068
351.1,-1.66558304718015,-21.9126840899612,20.2471010427811,-0.639038524243275,766846.229091928,-490044.282560426,-1.12228427767806,-0.973960235993242,113145.840443426
351.2,-1.74936792730819,-21.9297036427951,20.1803357154869,-0.64846545627033,778158.547524394,-504608.937571063,-1.31936199141529,-0.978401667082194,134160.676850321
351.3,-1.83477692677686,-21.945831022287,20.1110540955101,-0.650746295888455,780895.555066145,-508164.889935053,-1.52378165193306,-0.987716266480682,156060.088485312
351.4,-1.92110509500903,-21.9610240087259,20.0399189137169,-0.645439235013548,774527.082016255,-499910.167313847,-1.73508759147854,-1.00191584004502,178797.958399709
351.5,-2.00758759513248,-21.9752378939858,19.9676502988533,-0.63222414316247,758668.971794962,-479648.840637021,-1.95270056864607,-1.02093551285248,202311.519073066
351.6,-2.09340863264221,-21.9884253513178,19.8950167186756,-0.610912628601428,733095.154321712,-447857.087741646,-2.17592338139693,-1.04463478005584,226521.569077746
351.7,-2.17771158462768,-22.0005364078553,19.8228248232277,-0.581454732288804,697745.678746562,-405707.526841252,-2.4039487312068,-1.07280037675873,251333.05751746
351.8,-2.25961011879327,-22.0115185305675,19.7519084117742,-0.543942117459158,652730.540950988,-355047.632575142,-2.63586894466492,-1.10515082872168,276636.019930575
351.9,-2.33820007008765,-22.0213168331637,19.683116763076,-0.498607730786294,598329.276943551,-298331.603039827,-2.87068713142216,-1.14134249528987,302306.840134573
352,-2.41257182903539,-22.0298744079645,19.6173025789291,-0.445822014653768,534986.417584521,-238508.722499933,-3.10732935693163,-1.18097687685159,328209.804482706
352.1,-2.48182298992522,-22.0371327830912,19.555309793166,-0.386085841961571,463303.010353884,-178874.73283581,-3.34465743268799,-1.22360893229385,354198.908386697
352.2,-2.54507100867198,-22.0430325015754,19.4979614929034,-0.32002042456851,384024.509482211,-122895.686569211,-3.58148197173172,-1.26875613743835,380119.869844181
352.3,-2.60146562898247,-22.0475138152089,19.4460481862264,-0.24835451467923,298025.417615075,-74015.9579538667,-3.81657541779754,-1.31590801271206,405812.301146808
352.4,-2.65020085071195,-22.0505174822244,19.4003166315125,-0.171909276771144,206291.132125372,-35463.3593279732,-4.04868482648809,-1.36453585610471,431111.987925246
352.5,-2.69052623504796,-22.0519856542959,19.3614594192479,-0.0915812576818873,109897.509218265,-10064.5521103155,-4.27654424964584,-1.41410243407946,455853.224147666
352.6,-2.72175736623827,-22.0518628349632,19.3301054687249,-0.00832392537796645,9988.71045355913,-83.1452804375395,-4.49888664314857,-1.46407140650915,479871.152518613
352.7,-2.74328531765131,-22.0500968885406,19.3068115708893,0.0768717172321427,-92246.0606785712,-7091.1130922622,-4.71445527772536,-1.51391628974427,503004.06177747
352.8,-2.75458499956755,-22.0466400759871,19.2920550764196,0.162996909618971,-195596.291542765,-31881.5910544019,-4.92201467720338,-1.56312879245121,525095.595492769
352.9,-2.75522229576174,-22.0414500922504,19.2862277964887,0.249044751947221,-298853.702336665,-74427.9461669434,-5.12036113544942,-1.6112263899497,545996.830895049
353,-2.74485992422256,-22.0344910783957,19.2896311541732,0.334029112944723,-400834.935533666,-133890.537953566,-5.30833287053676,-1.6577590327959,565568.190883403
353.1,-2.72326198301687,-22.0257345815393,19.3024725985224,0.417002293973599,-500402.752768317,-208669.095815092,-5.48481986265031,-1.70231491306989,583681.157380052
353.2,-2.69029716436709,-22.0151604363342,19.3248632719671,0.497070957408382,-596485.148890057,-296495.444038662,-5.64877339316065,-1.7445252364411,600219.759508395
353.3,-2.64594063788294,-22.0027575435685,19.3568169056855,0.573409894822856,-688091.873787426,-394558.68897691,-5.79921526008924,-1.78406796925159,615081.815473653
353.4,-2.59027461742651,-21.9885245243339,19.3982499069074,0.645273304032454,-774327.964838944,-499653.164276351,-5.93524659514703,-1.82067054763295,628179.91240575
353.5,-2.5234876356266,-21.9724702321227,19.4489825964961,0.712003360854871,-854404.033025843,-608338.543042356,-6.05605615578629,-1.85411155045819,639442.113695736
353.6,-2.44587255637783,-21.9546141099584,19.5087415535806,0.773036005284311,-927643.20634117,-717101.598559107,-6.16092791862237,-1.88422135038213,648812.388476285
353.7,-2.35782335992247,-21.9349863850159,19.5771630250934,0.827904003249249,-993484.803899095,-822510.046315356,-6.24924776410897,-1.91088176815944,656250.762859646
353.8,-2.25983073872728,-21.9136280988514,19.6537973601241,0.87623748258091,-1051484.97909709,-921350.551055675,-6.32050902143096,-1.93402476572186,661733.197381393
353.9,-2.15247654682321,-21.8905909769924,19.7381144301691,0.917762262666027,-1101314.71519923,-1010745.08492864,-6.37431664066187,-1.95363022397746,665251.199853018
354,-2.0364271519611,-21.8659371468973,19.8295099949362,0.952296389631798,-1142755.66755816,-1088242.09644691,-6.41038977795395,-1.96972286266344,666811.187551342
354.1,-1.91242574995097,-21.8397387178562,19.9273129679052,0.979745343414162,-1175694.41209699,-1151881.12553008,-6.42856261858601,-1.98236837232942,666433.617401384
354.2,-1.78128371454705,-21.8120772399968,20.0307935254497,1.0000963942368,-1200115.67308416,-1200231.35731854,-6.42878331992964,-1.99166884286237,664151.907539152
354.3,-1.64387107430544,-21.7830430620001,20.1391719876946,1.01341255332978,-1216095.06399574,-1232406.00389567,-6.41111102805298,-1.99775758878545,660011.178316771
354.4,-1.50110622944741,-21.7527346083208,20.2516283788734,1.0198264907597,-1223791.78891164,-1248055.2855063,-6.37571100280364,-2.00079348842709,654066.845316379
354.5,-1.35394504578003,-21.7212575966652,20.3673125508852,1.01953469129304,-1223441.62955164,-1247341.18409998,-6.32284797110179,-2.00095497118674,646383.101088202
354.6,-1.20336948751289,-21.688724215316,20.4853547278032,1.01279199997958,-1215350.39997549,-1230897.16226715,-6.25287791088775,-1.99843380344272,637031.325881597
354.7,-1.05037597435461,-21.6552522778129,20.6048763034583,0.999906587081705,-1199887.90449804,-1199775.81946726,-6.16623854296625,-1.9934288378384,626088.470314981
354.8,-0.895963668393737,-21.6209643697649,20.7250007013711,0.981235251394731,-1177482.30167367,-1155387.14229561,-6.06343886973158,-1.9861399012862,613635.454436857
354.9,-0.741122910833131,-21.5859869994847,20.8448640886516,0.957178894260372,-1148614.67311244,-1099429.72274101,-5.94504814421198,-1.97676200255523,599755.627688948
355,-0.586824035793491,-21.5504497610056,20.9636257252121,0.928177942633957,-1113813.53116075,-1033817.15183064,-5.81168467694063,-1.96548003937833,584533.332669561
355.1,-0.434006786738234,-21.5144845151434,21.0804777284052,0.894707483099936,-1073648.97971992,-960601.776378024,-5.66400489003881,-1.95246417649648,568052.612171363
355.2,-0.283570549827093,-21.4782245918317,21.1946540420046,0.857271889837495,-1028726.26780499,-881898.111726658,-5.50269300715667,-1.93786604921387,550396.093705741
355.3,-0.136365597623609,-21.4418040151483,21.3054384175246,0.816398784035976,-979678.540843169,-799808.369490503,-5.32845172553615,-1.92181592162966,531644.078728962
355.4,0.00681449325957928,-21.4053567513393,21.4121712445989,0.772632242458872,-927158.690950643,-716352.698504428,-5.14199415478608,-1.90442089510625,511873.855293295
355.5,0.145239124423181,-21.369015979752,21.5142551041752,0.726525268647493,-871830.322376989,-633406.759179972,-4.94403722960372,-1.88576422173048,491159.243229611
355.6,0.278245574765538,-21.3329133868195,21.611158961585,0.678631640357161,-814357.968428591,-552649.08395262,-4.7352967153331,-1.86590573116089,469570.370708858
355.7,0.40524247963593,-21.2971784839921,21.702420963628,0.629497340012697,-755396.808015234,-475520.281299672,-4.51648383142624,-1.84488332954306,447173.670691533
355.8,0.525711900297814,-21.2619379516024,21.7876498519002,0.579651851225351,-695582.22147042,-403195.522354771,-4.28830342455042,-1.82271547878932,424032.075961937
355.9,0.639210038962833,-21.2273150118976,21.8665250508604,0.529599655801555,-635519.586961865,-336570.95451015,-4.05145353631343,-1.7994045164314,400205.382759481
356,0.745366695243163,-21.1934288356918,21.938795530935,0.479812287022042,-575774.744426448,-276263.796932786,-3.80662613604337,-1.77494063353848,375750.746013726
356.1,0.843883593914573,-21.1603939881022,22.0042775820167,0.430721284229859,-516865.541075829,-222624.989626342,-3.55450873165302,-1.7493062937987,350723.264319415
356.2,0.934531739776165,-21.1283199194989,22.0628516592751,0.382712352090912,-459254.822509094,-175762.49333155,-3.29578653505311,-1.72248085338804,325176.61037452
356.3,1.01714797212774,-21.0973105080252,22.1144584801529,0.336120959429629,-403345.151315554,-135572.759241473,-3.03114484509701,-1.69444513072172,299163.662807742
356.4,1.09163089860968,-21.0674636597669,22.1590945583766,0.29122952397717,-349475.428772604,-101777.562763163,-2.76127132122057,-1.66518567886439,272737.098122052
356.5,1.15793638617082,-21.0388709718881,22.1968073580589,0.248266229235438,-297919.475082525,-73963.3446945395,-2.48685785365581,-1.63469853162816,245949.906676357
356.6,1.21607277666519,-21.0116174628252,22.2276902394904,0.207405417502921,-248886.501003505,-51620.408651473,-2.20860178858254,-1.60299222658685,218855.803847339
356.7,1.26609597746525,-20.9857813720577,22.251877349523,0.16876940855273,-202523.290263275,-34179.7359158858,-1.92720633465126,-1.57008995276517,191509.51624387
356.8,1.30810455534558,-20.9614340301487,22.2695385854943,0.13243151525917,-158917.818311003,-21045.7274806077,-1.64338005566264,-1.53603072507981,163966.932467414
356.9,1.34223493679132,-20.9386397978301,22.2808747346214,0.0984199726720507,-118103.967206461,-11623.7892249207,-1.3578354368058,-1.50086954839017,136285.117744686
357,1.3686567919385,-20.917456071032,22.2861128629705,0.0667224702506339,-80066.9643007605,-5342.26564361606,-1.07128659244004,-1.46467659736458,108522.201117187
357.1,1.38756865455715,-20.8979333470656,22.2855020016227,0.0372909799254374,-44749.1759105245,-1668.74062055923,-0.784446255842685,-1.42753550008009,80737.1521137659
357.2,1.39919380857012,-20.8801153457896,22.2793091543597,0.0100466040414499,-12055.92484974,-121.121103318814,-0.498022250158836,-1.38954086914326,52989.4704076575
357.3,1.40377645387715,-20.8640391785942,22.2678156324713,-0.0151157771707194,18138.9326048631,-274.184063369807,-0.212713680542637,-1.3507952702438,25338.8164522697
357.4,1.40157815153925,-20.849735557486,22.2513137090252,-0.0383232058383115,45987.8470059739,-1762.40172687071,0.0707928928808221,-1.31140585113747,-2155.38675251434
357.5,1.39287454093625,-20.8372290364478,22.2301035773841,-0.0597207594839919,71664.9113807902,-4279.88293601376,0.351827044504109,-1.27148087167297,-29434.3508623906
357.6,1.37795231905448,-20.8265382775352,22.2044905965897,-0.0794680600896294,95361.6721075551,-7578.20708929072,0.629737603554598,-1.23112637627449,-56440.2910069763
357.7,1.35710647381195,-20.8176763347914,22.1747828086033,-0.097736090190757,117283.308228908,-11462.8119909309,0.903895118834648,-1.19044323410826,-83116.7434393716
357.8,1.33063776810618,-20.8106509498983,22.1412887180045,-0.114704172678227,137645.007213872,-15788.4566757558,1.1736935430764,-1.14952474007344,-109408.815390546
357.9,1.29885047763397,-20.8054648544142,22.1043153320482,-0.130556940952343,156668.329142811,-20454.1377970002,1.43855108498175,-1.10845492401149,-135263.357716259
358,1.26205039193316,-20.8021160743606,22.0641664662938,-0.145481124180282,174577.349016339,-25397.7089913105,1.69791025508851,-1.06730765939764,-160629.058591174
358.1,1.2205430930413,-20.8005982336946,22.0211413267359,-0.159661999507024,191594.399408429,-30590.3449038971,1.95123720825288,-1.02614660032802,-185456.464003613
358.2,1.17463252837457,-20.8009008537544,21.975533382129,-0.173279416899296,207935.300279155,-36030.907585152,2.19802055415596,-0.985025911408369,-209697.937543564
358.3,1.12461989296974,-20.8030096460504,21.9276295390202,-0.18650337763778,223804.053165336,-41740.2118443605,2.43776986176106,-0.943991693910491,-233307.57743879
358.4,1.07080283061424,-20.8069067957724,21.8777096263866,-0.199489236581299,239387.083897559,-47755.1466141474,2.67001411905344,-0.903083957819479,-256241.112573412
358.5,1.01347495362568,-20.8125712331405,21.8260461867662,-0.212372691662946,254847.229995534,-54122.5921969974,2.89430042216165,-0.862338947151158,-278455.801053186
358.6,0.952925667651382,-20.8199788893103,21.7729045569616,-0.225264811178217,270317.773413859,-60893.0821861889,3.11019315638168,-0.821791598338571,-299910.354650171
358.7,0.889440271814525,-20.8291029330541,21.7185432048686,-0.238247419919021,285896.903902824,-68114.199717684,3.31727389599455,-0.78147790066499,-320564.910212743
358.8,0.823300287185749,-20.8399139840141,21.6632142711998,-0.251369209864185,301643.051837021,-75823.7756012934,3.51514219239948,-0.741436934522356,-340381.065061429
358.9,0.754783949494755,-20.8523802980723,21.607164247567,-0.26464295285351,317571.543424212,-84043.0709940301,3.70341734516745,-0.701712387268801,-359321.987833317
359,0.684166786897073,-20.8664679204396,21.5506347073367,-0.278044167302494,333653.000762993,-92770.2707651248,3.88174116390375,-0.662353385955438,-377352.609617442
359.1,0.611722192088205,-20.8821408025131,21.4938629946013,-0.291511527953596,349813.833544315,-101974.765115808,4.04978163715438,-0.623414538363865,-394439.893038973
359.2,0.53772189149722,-20.8993608794398,21.4370827709371,-0.304949210099982,365939.052119978,-111592.824888723,4.20723733540778,-0.584955134888789,-410553.169732024
359.3,0.462436213725095,-20.9180881066701,21.3805243203952,-0.318231234524455,381877.481429345,-121525.34235235,4.3538422958694,-0.547037529410295,-425664.529915434
359.4,0.386134065389282,-20.9382804555263,21.3244145209156,-0.331207736586312,397449.283903574,-131638.277729553,4.48937107376408,-0.509724782691641,-439749.242039011
359.5,0.309082535150615,-20.9598938698701,21.2689764050207,-0.34371293473365,412455.52168038,-141766.297803862,4.61364360382704,-0.473077712282731,-452786.176114894
359.6,0.231546065457856,-20.9828821881816,21.2144282536395,-0.355574433554643,426689.320265571,-151719.813357246,4.72652950003089,-0.437151544022009,-464758.20170895
359.7,0.153785155482304,-21.007197037599,21.1609821930813,-0.36662337734611,439948.052815331,-161295.240980001,4.82795143308453,-0.401992398276615,-475652.5308448
359.8,0.0760545864482118,-21.0327877085353,21.1088422949836,-0.376704883429748,452045.860115697,-170287.883039784,4.91788726330577,-0.367633866219391,-485460.977345724
359.9,-0.00139880959497063,-21.0596010202045,21.0582022106095,-0.385688138542561,462825.766251072,-178506.40825491,4.99637066851631,-0.334093935993071,-494180.107354746
360,-0.0783387864266061,-21.0875811885966,21.00924240217,-0.393475541213991,472170.649456788,-185787.601840371,5.06349008823001,-0.301372515060787,-501811.260751392
360.1,-0.154542646165467,-21.1166697090198,20.9621270628544,-0.400010318482111,480012.382178532,-192009.905870592,5.1193859007965,-0.269449764147074,-508360.429630603
360.2,-0.229804423061559,-21.1468052651956,20.9170008421341,-0.405282132702864,486338.559243435,-197104.328505818,5.16424585262977,-0.238285411896982,-513837.987534094
360.3,-0.303938163970241,-21.1779236760264,20.8739855120561,-0.409330315934272,491196.379121125,-201061.569051421,5.19829886117115,-0.207819160754089,-518258.271264313
360.4,-0.376781167078843,-21.209957889592,20.8331767225132,-0.412244514970096,494693.417964115,-203934.648147516,5.22180740900282,-0.177972227473887,-521639.025360782
360.5,-0.448197033618062,-21.2428380317492,20.7946409981311,-0.41416268745142,496995.224941703,-205836.878012379,5.23505882943943,-0.148649990633259,-524000.727163607
360.6,-0.51807838779407,-21.2764915140416,20.7584131262475,-0.415266546139131,498319.855366957,-206935.565210788,5.23835584897096,-0.119745647241831,-525365.817339133
360.7,-0.586349127914694,-21.3108432026491,20.7244940747344,-0.41577469278255,498929.631339059,-207442.314190108,5.23200679547036,-0.0911447158302119,-525757.866365437
360.8,-0.65296608611861,-21.345815646992,20.6928495608734,-0.415933805330103,499120.566396123,-207601.116499656,5.21631590098868,-0.0627301685324664,-525200.711424307
360.9,-0.717919994339912,-21.3813293635646,20.6634093692247,-0.41600833532421,499210.002389051,-207675.522071064,5.19157412367515,-0.0343879333611383,-523717.600185267
361,-0.781235678948118,-21.4173031677829,20.6360674888348,-0.416269231959003,499523.078350803,-207936.088170886,5.15805088580761,-0.00601248281905953,-521330.377985773
361.1,-0.842971434487396,-21.4536545442633,20.6106831097759,-0.416982234173259,500378.68100791,-208649.020339347,5.11598707638509,0.0224877822029743,-518058.752932586
361.2,-0.903217556589116,-21.4903000441313,20.5870824875422,-0.418396263742597,502075.516491115,-210066.520216517,5.06558960065532,0.0511856332786085,-513919.669625896
361.3,-0.962094043935814,-21.5271556967896,20.5650616528538,-0.420732414350238,504878.897220285,-212418.917381976,5.00702767966138,0.0801308517705079,-508926.81681237
361.4,-1.01974750768902,-21.5641374230884,20.5443899153994,-0.424173969508335,509008.763410001,-215908.267690149,4.94043101534804,0.109347010839024,-503090.28767703
361.5,-1.07634735280581,-21.6011614370501,20.5248140842443,-0.428857802543852,514629.363052621,-220702.817763289,4.86588984623508,0.138829354773645,-496416.404129078
361.6,-1.13208131813882,-21.6381446241466,20.5060633060078,-0.434867421738299,521840.906085958,-226931.609387179,4.78345683039959,0.168543864578607,-488907.708804961
361.7,-1.18715048039819,-21.6750048855376,20.4878544051394,-0.442227830148458,530673.396178148,-234678.544509375,4.69315061145486,0.198427531334687,-480563.121088282
361.8,-1.24176384050457,-21.7116614395324,20.4698975990278,-0.450902279106849,541082.734928217,-243975.4383645,4.5949608536975,0.228389792353856,-471378.246684794
361.9,-1.29613261942924,-21.7480350737026,20.4519024542734,-0.460790912400439,552949.094880525,-254793.917940994,4.4888544780811,0.258315023984077,-461345.824582125
362,-1.35046439442699,-21.7840483434074,20.4335839489804,-0.471731228848419,566077.474618101,-267036.422725006,4.37478279356583,0.288065933063764,-450456.290868027
362.1,-1.40495720598463,-21.8196257148475,20.4146685088628,-0.483500237131931,580200.284558315,-280526.975167959,4.2526891999006,0.317487649655478,-438698.436066631
362.2,-1.45979376138603,-21.8546936530167,20.3948998916307,-0.495818139367256,594981.767240706,-295002.752790728,4.12251713800685,0.34641229900373,-426060.131446631
362.3,-1.5151358532164,-21.8891806569461,20.3740448037297,-0.508353358616505,610024.030339804,-310107.764660016,3.98421798165577,0.374663821727393,-412529.10010158
362.4,-1.57111910114588,-21.9230172463624,20.3518981452165,-0.520728718495552,624874.462194661,-325390.077919224,3.83775859682513,0.402062817951905,-398093.71032794
362.5,-1.62784811370434,-21.9561359052483,20.328287791544,-0.532528587404059,639034.304884869,-340304.035683074,3.6831283399011,0.428431212138795,-382743.771659325
362.6,-1.68539215420106,-21.9884709887715,20.3030788345705,-0.543306812120939,651968.174545125,-354218.75051642,3.52034531908076,0.453596568481792,-366471.317508662
362.7,-1.74378138208071,-22.0199586006586,20.2761772185779,-0.552595281778294,663114.338133951,-366433.854532358,3.34946180095263,0.477395928784419,-349271.362331663
362.8,-1.80300372834641,-22.050536448353,20.2475327200065,-0.55991297991187,671895.575894243,-376203.054088548,3.17056870229208,0.499679092019711,-331142.62515058
362.9,-1.86300245159096,-22.0801436832773,20.2171412316864,-0.564775396295373,677730.475554446,-382765.497912714,2.98379916186939,0.520311303334636,-312088.214783044
363,-1.92367440987869,-22.1087207332818,20.1850463234031,-0.566704179339834,680045.015207799,-385384.352257481,2.78933123528232,0.539175366177763,-292116.274875633
363.1,-1.98486907330075,-22.1362091339853,20.1513400606845,-0.565236912725674,678284.295270807,-383391.32100918,2.58738979491049,0.556173230922981,-271240.588593435
363.2,-2.04638829244564,-22.1625513652784,20.1161630728327,-0.559936896435745,671924.275722893,-376235.193588113,2.37824774524932,0.571227143875152,-249481.14341272
363.3,-2.10798682915108,-22.1876906988237,20.0797038696726,-0.550402803251338,660483.363901604,-363531.894992316,2.16222668014995,0.584280459750723,-226864.655863138
363.4,-2.16937364752874,-22.2115710620202,20.0421974144915,-0.536278068634508,643533.682361408,-345113.000278028,1.93969711272867,0.595298227486899,-203425.05434335
363.5,-2.23021395514262,-22.23413692363,20.0039229684874,-0.517259856862285,620711.82823474,-321069.311425429,1.71107840153213,0.604267653460526,-179203.91547399
363.6,-2.29013197613688,-22.2553332061156,19.9652012299787,-0.493107431658846,591728.917990613,-291785.926988619,1.47683847922601,0.611198528847728,-154250.846133897
363.7,-2.34871442984406,-22.2751052297001,19.9263907998561,-0.463649747700996,556379.697241194,-257965.306251836,1.23749346441173,0.616123680831586,-128623.799702106
363.8,-2.40551467981562,-22.2933986932194,19.8878840134038,-0.428792072263134,514550.48671576,-220635.169482855,0.99360720533951,0.619099473355383,-102389.311496922
363.9,-2.46005750924279,-22.3101596969266,19.8501021876838,-0.388521445456754,466225.734548104,-181138.696295766,0.74579076868069,0.620206345371097,-75622.635375018
364,-2.5118444694164,-22.3253348124912,19.8134903430748,-0.342910793978154,411492.952773785,-141105.375152074,0.494701849640402,0.619549336592435,-48407.7613185299
364.1,-2.56035973835307,-22.3388712054124,19.7785114670593,-0.292121527419641,350545.832903569,-102401.984138381,0.241044043995627,0.617258516188338,-20837.292934788
364.2,-2.60507641723716,-22.350716814869,19.7456403976319,-0.236404467967158,283685.361560589,-67064.4869698017,-0.0144341095392433,0.613489201941054,6987.83562078839
364.3,-2.64546318322259,-22.3608205955731,19.7153574123505,-0.176098993318413,211318.791982096,-37213.0265373103,-0.270940434778857,0.608421838914283,34958.8215587669
364.4,-2.68099120879656,-22.3691328253992,19.6881416166027,-0.111630308361844,133956.370034212,-14953.5908939523,-0.527640908639576,0.602261399666746,62959.6485580545
364.5,-2.71114125074536,-22.3756054813772,19.6644642306319,-0.0435048029798793,52205.7635758545,-2271.20145878171,-0.783662084269092,0.595236173647068,90867.9439081113
364.6,-2.73541080618214,-22.3801926850163,19.6447818788341,0.0276964992593094,-33235.7991111718,-920.515285465127,-1.03809429430492,0.587595831778096,118556.039662055
364.7,-2.75332122944761,-22.3828512158772,19.6295299864296,0.101326344303239,-121591.613163887,-12320.4336598303,-1.28999577119206,0.579608682549636,145892.231829852
364.8,-2.76442470222337,-22.3835410898526,19.6191163876292,0.176681388616037,-212017.666339245,-37459.5756999494,-1.53839779982101,0.571558076420608,172742.223046486
364.9,-2.76831095002839,-22.3822261958227,19.6139152457943,0.253013903539832,-303616.684247797,-76819.2424613557,-1.78231098526497,0.563737963412813,198970.725374462
365,-2.76461360136574,-22.3788749813528,19.6142613799871,0.329544806284428,-395453.767541312,-130319.735218849,-2.02073267582624,0.556447661270119,224443.191445165
365.1,-2.75301609096421,-22.3734611750193,19.6204450840551,0.405477718902521,-486573.262683024,-197294.61663167,-2.25265553022358,0.5499859448856,249027.63450862
365.2,-2.73325701548534,-22.3659645300046,19.6327075145192,0.480013698365748,-576016.438038896,-276495.780742515,-2.47707715941293,0.544644618166548,272596.491608424
365.3,-2.70513485830543,-22.3563715709681,19.6512367126626,0.552366230511689,-662839.476614025,-366130.14313163,-2.69301071066577,0.540701773557298,295028.479423121
365.4,-2.66851200904579,-22.3446763241134,19.6761643150676,0.621776043129706,-746131.251755646,-463926.53737204,-2.89949619711921,0.538414978913853,316210.38961946
365.5,-2.62331801294197,-22.3308810090082,19.7075629960662,0.687525273998333,-825030.328797998,-567229.202863779,-3.09561231353599,0.538014653787127,336038.770037525
365.6,-2.56955199452858,-22.3149966702575,19.745444675729,0.748950533074522,-898740.639689423,-673112.28119113,-3.28048842230892,0.539697905687485,354421.439742931
365.7,-2.50728420924414,-22.2970437276807,19.7897595184365,0.805454427850691,-966545.313420828,-778508.20241314,-3.45331634682181,0.543623090753947,371278.789885155
365.8,-2.43665668540455,-22.2770524252552,19.8403957398507,0.856515178698929,-1027818.21443871,-880341.901609987,-3.61336157606836,0.549905342581445,386544.828228652
365.9,-2.35788292775849,-22.2550631617302,19.8971802339717,0.901694035669499,-1082032.8428034,-975662.560754336,-3.75997346847809,0.558613278851527,400167.932912012
366,-2.2712466629391,-22.2311266893676,19.9598800264285,0.940640315470635,-1128768.37856476,-1061765.04370643,-3.89259404704439,0.569767049788864,412111.290101721
366.1,-2.17709961714553,-22.2053041715597,20.0282045544142,0.973093999941423,-1167712.7999297,-1136294.31926639,-4.01076500390311,0.583337837935163,422353.00035194
366.2,-2.07585832798589,-22.1776670948393,20.1018087668534,0.998885965420726,-1198663.15850487,-1197327.80629739,-4.11413258098397,0.599248858379927,430885.849245628
366.3,-1.9680000062218,-22.1482970357646,20.1802970295428,1.01793603465389,-1221523.24158467,-1243432.52477626,-4.20245006328264,0.617377845748734,437716.748858576
366.4,-1.85405747965525,-22.1172852880089,20.2632278083536,1.03024914772263,-1236298.97726716,-1273695.96765985,-4.27557771016793,0.637560952268615,442865.867356493
366.5,-1.73461327080351,-22.0847323594292,20.3501190886257,1.03591002572413,-1243092.03086895,-1287731.49767491,-4.33348005397078,0.659597923237206,446365.474236401
366.6,-1.61029288216714,-22.0507473526594,20.4404544704923,1.03507674313458,-1242092.09176149,-1285660.6370137,-4.37622060867536,0.683258364945104,448258.538025072
366.7,-1.48175738723626,-22.0154472456862,20.5336898584499,1.02797362843593,-1233568.35412312,-1268075.73691169,-4.40395414871323,0.708288877722317,448597.121357532
366.8,-1.34969545089256,-21.9789560907807,20.6292606398881,1.01488387860078,-1217860.65432093,-1235987.14445251,-4.4169168320253,0.734420794854737,447440.625026037
366.9,-1.21481492814568,-21.9414041510511,20.7265892229054,0.996142206765859,-1195370.64811903,-1190759.15532042,-4.41541454605558,0.761378247547033,444853.937600476
367,-1.07783421348683,-21.902926993775,20.8250927802882,0.972127752916138,-1166553.30349936,-1134038.84158773,-4.39980994395924,0.788886267172776,440905.550398009
367.1,-0.939473532678861,-21.8636645586922,20.9241910260134,0.943257386135972,-1131908.86336316,-1067681.39580008,-4.370508705667,0.816678638479037,435665.698783617
367.2,-0.800446382657213,-21.8237602177495,21.0233138350923,0.909979426344478,-1091975.31161337,-993675.067644268,-4.32794560034054,0.844505230482683,429204.589917549
367.3,-0.661451331702743,-21.7833598406048,21.1219085089021,0.872767725086361,-1047321.27010363,-914068.202342905,-4.27257094037376,0.872138554461141,421590.774083528
367.4,-0.523164389828455,-21.7426108777287,21.2194464879002,0.832115978444566,-998539.174133477,-830900.401899307,-4.20483800117916,0.899379329438914,412889.711646454
367.5,-0.386232147573264,-21.7016614704168,21.3154293228435,0.7885321068943,-946238.528273158,-746139.460323794,-4.12519193588013,0.926060873527532,403162.580584441
367.6,-0.25126585990315,-21.6606595946242,21.4093937347211,0.742532529718114,-891039.035661735,-661625.469227497,-4.03406064160725,0.952052182977211,392465.360582602
367.7,-0.118836621146091,-21.619752243411,21.5009156222649,0.694636184624853,-833563.421549821,-579023.314788206,-3.93184793774872,0.977259608440338,380848.219118035
367.8,0.0105282620352867,-21.579084651048,21.5896129130833,0.645358192474253,-774429.830969101,-499784.63591236,-3.81892930093817,1.0016270883512,368355.213150122
367.9,0.136347637956472,-21.5387995605365,21.675147198493,0.59520313609561,-714243.76331473,-425120.127861658,-3.69565027260284,1.02513495113211,355024.307386728
368,0.258187605315189,-21.4990365354399,21.7572241407551,0.5446580031445,-653589.603773398,-355982.808467224,-3.5623275192231,1.04779734976956,340887.697130341
368.1,0.375661375530566,-21.4599313165015,21.8355926920321,0.494184927115416,-593021.912538498,-293062.490625682,-3.41925239027452,1.06965844274491,325972.410981486
368.2,0.488427990672601,-21.421615223451,21.9100432141236,0.444213939423351,-533056.727308019,-236791.228773614,-3.26669669149205,1.09078748285132,310301.156787083
368.3,0.596190031444273,-21.3842146026117,21.980404634056,0.395136010933399,-474163.213120077,-187358.96056363,-3.10492027869255,1.11127301848324,293893.363770062
368.4,0.698690488887113,-21.3478503213168,22.0465408102039,0.347296706606234,-416756.04792748,-144738.002903444,-2.93417998629781,1.1312164488575,276766.365335377
368.5,0.795709003843406,-21.3126373106119,22.1083463144553,0.30099079665132,-361188.955981584,-108714.551602555,-2.75473934018125,1.15072520357319,258936.661122888
368.6,0.887057697963382,-21.2786841581827,22.1657418561461,0.256458158132753,-307749.789759303,-78924.9442474127,-2.566878470316,1.16990583622543,240421.193873753
368.7,0.97257682802945,-21.2460927537812,22.2186695818106,0.213881260837216,-256657.513004658,-54894.2324847803,-2.37090363699568,1.1888573298699,221238.576863056
368.8,1.05213049109139,-21.2149579895637,22.2670884806551,0.173384461251858,-208061.353502229,-36074.6056843162,-2.16715581531819,1.20766490768217,201410.211131994
368.9,1.12560259158971,-21.1853675176251,22.3109701092148,0.13503523217423,-162042.278609076,-21881.4167140179,-1.95601784445167,1.2263946242855,180961.238448117
369,1.19289325423281,-21.1574015665622,22.350294820795,0.0988473389140544,-118616.806696865,-11724.9556924679,-1.73791973743026,1.24508898164058,159921.285556611
369.1,1.25391582951605,-21.1311328181221,22.3850486476382,0.0647858448585932,-77743.0138303116,-5036.64683285004,-1.51334185876786,1.26376376853439,138324.967392138
369.2,1.30859459466516,-21.1066263438888,22.415220938554,0.0327736999554371,-39328.4399465245,-1288.93849052282,-1.2828158046628,1.28240626584131,116212.130856092
369.3,1.35686320418703,-21.0839396006004,22.4408028047874,0.00269954716535777,-3239.45659842947,-8.74506587758981,-1.04692295671322,1.30097489300534,93627.8357409905
369.4,1.39866389418781,-21.0631224811486,22.4617863753364,-0.0255737140649769,30688.456877972,-784.817821292629,-0.806290817060387,1.31940029761194,70622.0845153596
369.5,1.43394739639022,-21.0442174167217,22.4781648131119,-0.0522001312315122,62640.1574778143,-3269.8244407045,-0.561587362794279,1.33758781324179,47249.3270382663
369.6,1.46267347449611,-21.0272595240494,22.4899329985455,-0.0773422149520374,92810.6579424447,-7178.18185642458,-0.313513772642178,1.35542113535073,23567.778941922
369.7,1.48481196004555,-21.012276790444,22.4970887504895,-0.101163290227729,121395.948273275,-12280.8135476397,-0.0627959724516605,1.37276699533983,-361.397422448184
369.8,1.50034413954953,-20.9992902884525,22.499634428002,-0.123821136076976,148585.363292371,-18398.0084872715,0.189824488120296,1.38948055389413,-24474.9936141692
369.9,1.50926433103491,-20.9883144115419,22.4975787425768,-0.145463256752523,174555.908103027,-25391.4708780604,0.443599681441098,1.40541119035566,-48708.6781480166
370,1.51158148699717,-20.9793571224127,22.4909386094099,-0.166223985397185,199468.782476622,-33156.4959855882,0.69778412484435,1.42040833892171,-72997.8833972473
370.1,1.50732067192821,-20.9724202062829,22.4797408782112,-0.186223458607433,223468.150328919,-41615.011842857,0.95164267146269,1.43432701736109,-97278.6022708596
370.2,1.49652428495662,-20.9674995227584,22.464023807715,-0.205568332507106,246681.999008527,-50710.0071957024,1.20445702967775,1.44703271096029,-121488.048624285
370.3,1.47925292972262,-20.9645852516025,22.4438381813251,-0.224353953002276,269224.743602731,-60401.6354732968,1.4555305717402,1.45840531331813,-145565.146422516
370.4,1.45558587171788,-20.9636621296831,22.419248001401,-0.242667559663688,291201.071596426,-70665.0534157556,1.70419121581499,1.46834188463096,-169450.825982021
370.5,1.42562106476057,-20.9647096784169,22.3903307431775,-0.260592006861209,312710.40823345,-81489.8328479426,1.9497923054229,1.47675806398709,-193088.120241286
370.6,1.3894747696153,-20.967702422947,22.3571771925623,-0.278209436775132,333851.324130158,-92880.5888528832,2.19171155673126,1.4835880603356,-216422.068922452
370.7,1.34728082561145,-20.9726101058859,22.3198909314974,-0.295604342007111,354725.210408533,-104858.312416148,2.4293482873667,1.48878324158797,-239399.452601225
370.8,1.29918966737422,-20.9793978995574,22.2785875669316,-0.312865511362361,375438.613634832,-117461.793840038,2.66211927028414,1.49230943646663,-261968.391108548
370.9,1.24536720093353,-20.9880266211549,22.2333938220884,-0.330086456943775,396103.748332529,-130748.482869233,2.88945366330656,1.49414315272733,-284077.850485883
371,1.18599366474617,-20.9984529550435,22.1844466197896,-0.347364065604121,416836.878724944,-144794.152887629,3.11078754122306,1.49426699200518,-305677.109240261
371.1,1.12126260068983,-21.0106296855586,22.1318922862484,-0.364795390993246,437754.469191895,-159690.812747898,3.32555859679781,1.492664600245,-326715.237472054
371.2,1.05138004795735,-21.024505942185,22.0758859901424,-0.382472689171177,458967.227005411,-175542.429554198,3.53320157621737,1.48931552911246,-347140.641425343
371.3,0.976564050051348,-21.0400274570596,22.016591507111,-0.400476984796007,480572.381755207,-192458.178421561,3.733144972735,1.48419039508425,-366900.721264444
371.4,0.89704453366878,-21.0571368325361,21.9541813662049,-0.418870619836357,502644.743803628,-210543.115394513,3.92480942184097,1.47724670797086,-385941.681801671
371.5,0.813063580799128,-21.0757738142981,21.8888373950972,-0.437689367422451,525227.24090694,-229886.378825598,4.10760812731379,1.46842570018088,-404208.525111678
371.6,0.724876074950359,-21.0958755634613,21.8207516384116,-0.456934777222046,548321.732666454,-250547.268761952,4.28094950762663,1.45765042465584,-421645.241265518
371.7,0.632750662407883,-21.1173769194995,21.7501275819073,-0.476567446750327,571880.936100391,-272539.83756255,4.44424209604541,1.44482530730999,-438195.199716518
371.8,0.536970933117221,-21.1402106448729,21.6771815779901,-0.496501881135142,595802.257362169,-295816.941564881,4.59690156635793,1.42983724456302,-453801.730127789
371.9,0.437836696135594,-21.1643076420764,21.602144338212,-0.516603513170768,619924.21580492,-320255.027784455,4.73835960105745,1.41255823466366,-468408.868580071
372,0.335665204032626,-21.1895971345451,21.5252623385778,-0.53668831250258,644025.975003095,-345641.21373224,4.86807418119322,1.392849429943,-481962.233979988
372.1,0.230792170792231,-21.2160068044542,21.4467989752465,-0.556525228976907,667830.274772287,-371664.396585358,4.98554076701865,1.37056640283752,-494409.990798652
372.2,0.123572429459038,-21.24346288283,21.3670353122891,-0.575841506106092,691009.807327309,-397912.128185437,5.09030376403853,1.34556533787431,-505703.848517711
372.3,0.0143800888445789,-21.2718901904033,21.2862702792479,-0.594330684424833,713196.821309798,-423874.754938667,5.18196763543202,1.31770980020711,-515800.045640006
372.4,-0.0963919279579386,-21.3012121310321,21.2048202030742,-0.611662910317067,733995.492380479,-448957.819029052,5.26020703134791,1.28687769275759,-524660.266907293
372.5,-0.208333048493429,-21.331350643041,21.1230175945476,-0.627496991683988,752996.390020784,-472502.969486945,5.32477535716875,1.25296800094169,-532252.446312065
372.6,-0.321016966344423,-21.3622261171669,21.0412091508224,-0.641493512684855,769792.215221824,-493816.712180103,5.37551129227406,1.21590693695687,-538551.415249772
372.7,-0.434004312428325,-21.3937572926968,20.9597529802685,-0.653328246292001,783993.8955504,-512205.356883577,5.41234289106037,1.17565313348906,-543539.364218386
372.8,-0.54684604546069,-21.4258611455758,20.8790151001151,-0.662705090576451,795246.108691739,-527013.644491129,5.43528903981672,1.13220159660133,-547206.097192961
372.9,-0.659087484994952,-21.4584527835825,20.7993652985875,-0.669367801535477,803241.36184257,-537663.904478923,5.44445819600383,1.08558620516566,-549549.069459311
373,-0.770272875396067,-21.4914453639975,20.7211724886014,-0.673109895287215,807731.874344656,-543692.317360277,5.44004448962705,1.03588063403678,-550573.211525657
373.1,-0.879950340898336,-21.5247500485057,20.6447997076074,-0.673782234293611,808538.681152331,-544778.999099627,5.42232140929206,0.983197674043517,-550290.553002328
373.2,-0.987677071982279,-21.5582760084288,20.5705989364465,-0.671297981399323,805557.577679186,-540769.175796966,5.39163341903881,0.927687017291027,-548719.670368333
373.3,-1.09302457247105,-21.5919304909183,20.4989059184472,-0.665634785862139,798761.743034565,-531683.601779682,5.34838594892206,0.869531664876956,-545884.990754501
373.4,-1.19558379511924,-21.6256189536332,20.430035158514,-0.656834241450285,788201.08974034,-517717.464889884,5.29303426763188,0.808943190170157,-541815.989828402
373.5,-1.2949700005502,-21.6592452719231,20.3642752713729,-0.644998814201112,773998.577041332,-499228.164385007,5.2260717768251,0.746156149500964,-536546.325290075
373.6,-1.39082718916963,-21.6927120188787,20.301884829709,-0.630286565746419,756343.878895701,-476713.385952497,5.148018264354,0.681421969986952,-530112.9482778
373.7,-1.48283197670851,-21.7259208150571,20.2430888383486,-0.612904090182879,735484.908219453,-450781.708515482,5.05940861959272,0.615002659307947,-522555.233213818
373.8,-1.57069680962537,-21.7587727414577,20.1880759318324,-0.593098135307974,711717.762369567,-422118.477726954,4.96078245286006,0.547164674226191,-513914.162530383
373.9,-1.65417244490325,-21.7911688066056,20.1369963617023,-0.571146393483554,685375.672180263,-391449.843347123,4.85267497828373,0.478173254833247,-504231.596691337
374,-1.73304964800521,-21.8230104565348,20.0899608085296,-0.547347927518196,656817.513021833,-359507.704510156,4.73560942209195,0.408287482717911,-493549.652462556
374.1,-1.80716009124679,-21.8542001151232,20.0470400238765,-0.522013649315973,626416.379179166,-326997.900086615,4.61009111347416,0.337756257596289,-481910.204062831
374.2,-1.87637646119292,-21.8846417416364,20.0082652804435,-0.495457201689868,594548.64202784,-294573.406447625,4.47660331002231,0.266815313494718,-469354.51325713
374.3,-1.94061180680058,-21.9142413924538,19.9736295856533,-0.467986515338544,561583.818406251,-262813.654246455,4.33560471106915,0.195685317968767,-455922.986240623
374.4,-1.99981817917682,-21.9429077746855,19.9430895955086,-0.439896231911717,527875.478294059,-232210.433820152,4.18752852582993,0.124571021861343,-441655.047856998
374.5,-2.05398462864378,-21.9705527806194,19.9165681519756,-0.411461107704901,493753.32924588,-203160.291784492,4.03278289377954,0.0536613582422456,-426589.117761447
374.6,-2.10313463528115,-21.9970919935285,19.8939573582473,-0.3829304466229,459516.535947479,-175962.872340976,3.87175240538022,-0.0168696677756994,-410762.668918923
374.7,-2.14732305553482,-22.0224451571443,19.8751221016095,-0.354523559507359,425428.27140883,-150824.345094921,3.70480044376748,-0.0868614979384885,-394212.346519988
374.8,-2.18663267034839,-22.0465366029363,19.8599039325879,-0.326426211556041,391711.453867248,-127864.885908995,3.53227206235977,-0.156165171266633,-376974.125043244
374.9,-2.22117042025534,-22.0692956310789,19.8481252108235,-0.298788000209959,358545.60025195,-107129.122883359,3.3544971281123,-0.224641332936368,-359083.482684938
375,-2.2510634106948,-22.0906568425487,19.8395934318539,-0.271720600671725,326064.720806069,-88598.5017952833,3.17179349247523,-0.292158314246957,-340575.575462117
375.1,-2.27645476720777,-22.110560421094,19.8341056538862,-0.245296821962848,294356.186355416,-72204.6370380874,2.98446999814365,-0.358590465473016,-321485.397608182
375.2,-2.29749941578399,-22.1289523648349,19.831452949051,-0.219550429150315,263460.514980377,-57842.8691281047,2.79282918475728,-0.423816879333085,-301847.919967473
375.3,-2.31435985899396,-22.1457846679848,19.8314248089908,-0.194476702841126,233372.043409351,-45385.4255375466,2.59716961579814,-0.487720589695906,-281698.203461959
375.4,-2.32720201403614,-22.161015453664,19.8338134396278,-0.170033721287336,204040.465544803,-34693.7596497833,2.39778780703841,-0.550188272799772,-261071.489848261
375.5,-2.33619117467841,-22.1746090590722,19.8384178843938,-0.146144360191603,175373.232229924,-25629.8088189757,2.1949797893876,-0.611110421681305,-240003.276444582
375.6,-2.34148815534881,-22.1865360744512,19.8450479191024,-0.122699008294088,147238.809952905,-18066.0559636231,1.98904238198185,-0.67038191348918,-218529.384896714
375.7,-2.34324567227766,-22.1967733373976,19.85352766512,-0.0995589919758536,119470.790371024,-11894.3914598976,1.78027428193224,-0.727902848087322,-196686.036086372
375.8,-2.34160501346516,-22.2053038842258,19.8636988707606,-0.0765606895501193,91872.827460143,-7033.84702126768,1.56897709355384,-0.783579508093505,-174509.943804599
375.9,-2.33669304613834,-22.2121168602967,19.8754238141583,-0.0535202968269266,64224.3561923119,-3437.3066069308,1.35545642162153,-0.837325277338946,-152038.438793017
376,-2.32861960704805,-22.2172073915535,19.8885877845055,-0.0302391819687577,36287.0183625092,-1097.28975136757,1.14002314094874,-0.889061357437796,-129309.632303552
376.1,-2.31747531722764,-22.2205764199422,19.9031011027145,-0.00650974217370901,7811.69060845075,-50.8520918017984,0.922994930167789,-0.938717140133935,-106362.624669524
376.2,-2.30332985852379,-22.2222305059394,19.9189006474156,0.0178783499253858,-21454.0199104632,-383.562475265454,0.704698123703814,-0.986230124486505,-83237.7598411987
376.3,-2.28623074420249,-22.2221816020327,19.9359508578302,0.0431316435033601,-51757.972204032,-2232.40640556113,0.485469895904775,-1.03154530981931,-59976.9218075595
376.4,-2.26620261018264,-22.2204468016395,19.9542441914568,0.069446299545031,-83335.5594540371,-5787.3462245978,0.265660748766196,-1.07461404393359,-36623.8637263634
376.5,-2.24324704697045,-22.2170480685743,19.9738010216039,0.0970015316412749,-116401.83796953,-11291.1565689039,0.0456372333237618,-1.11539235713161,-13224.5558366889
376.6,-2.21734298522798,-22.2120119527064,19.9946689674784,0.125953257175871,-151143.908611045,-19037.0675918533,-0.174215202062167,-1.15383886177084,10172.465785069
376.7,-2.18844764021452,-22.2053692978473,20.0169216576328,0.156428113071748,-187713.735686097,-29363.7054710251,-0.393489372834655,-1.18991234027314,33515.7705272809
376.8,-2.15649801221813,-22.1971549481307,20.0406569359126,0.188517978966892,-226221.57476027,-42646.8340725137,-0.611753685242462,-1.22356917824767,56750.7471896366
376.9,-2.1214129316799,-22.1874074591581,20.0659945274782,0.222275135192166,-266730.162230598,-59287.4828696346,-0.828549795288058,-1.25476082101808,79819.3834440714
377,-2.08309562913257,-22.176168819984,20.0930731908514,0.257708165156697,-309249.798188036,-79696.1980661176,-1.04339076449948,-1.28343143980116,102660.132545932
377.1,-2.04143680144089,-22.1634841916038,20.1220473901629,0.294778693579797,-353734.432295756,-104273.373826334,-1.25575986602905,-1.3095159876546,125207.88656618
377.2,-1.99631813724172,-22.1494016670027,20.1530835297609,0.33339903493863,-400078.841926355,-133385.899797611,-1.46511017441138,-1.33293880583762,147394.071795426
377.3,-1.947616256026,-22.1339720570625,20.1863558010365,0.373430811404994,-448116.973685992,-167340.68508791,-1.67086504532037,-1.3536129102032,169146.877441611
377.4,-1.89520700707027,-22.1172487057339,20.2220416986636,0.41468458653559,-497621.503842707,-206355.967572232,-1.87241956018561,-1.37144004731631,190391.623597031
377.5,-1.8389700665081,-22.0992873369001,20.260317270392,0.456920549390045,-548304.659268052,-250531.66614588,-2.0691429770167,-1.38631156442234,211051.268998981
377.6,-1.77879376335017,-22.0801459343203,20.3013521709702,0.499850272252738,-599820.326703284,-299820.353605363,-2.26038219555722,-1.39811008973026,231047.053658196
377.7,-1.71458005835587,-22.0598846549657,20.3453045966099,0.543139551989285,-651767.462387141,-354000.687522145,-2.44546621391111,-1.40671197327092,250299.266259692
377.8,-1.64624959349633,-22.0385657749695,20.3923161814732,0.586412328464981,-703694.794157975,-412655.302770864,-2.62371152647259,-1.41199039708137,268728.12158545
377.9,-1.57374672451477,-22.016253666314,20.4425069417992,0.629255651894963,-755106.782273954,-475155.210530104,-2.79442839011473,-1.41381902932855,286254.729244531
378,-1.49704444497658,-21.9930148012831,20.4959703563065,0.671225643678472,-805470.772414164,-540652.637677893,-2.95692786722896,-1.41207607214236,302802.131837851
378.1,-1.41614910739225,-21.9689177806257,20.5527686732335,0.71185436238248,-854225.234858974,-608083.959891559,-3.11052953979619,-1.40664853843417,318296.388384031
378.2,-1.33110484564931,-21.9440333803234,20.6129285346741,0.750657449446416,-900788.939335697,-676183.927691276,-3.2545697771414,-1.39743658898727,332667.677385369
378.3,-1.24199760322556,-21.9184346108621,20.6764370076365,0.787142390424521,-944570.868509423,-743511.771363874,-3.38841043000749,-1.38435776692999,345851.393269345
378.4,-1.14895867354996,-21.8921967820104,20.7432381084604,0.820817190709106,-984980.628850925,-808489.032676304,-3.51144781365369,-1.36735098092645,357789.210018673
378.5,-1.05216766246451,-21.8653975653612,20.8132299028967,0.851199233853453,-1021439.08062414,-869448.162855243,-3.62312183163176,-1.34638010909229,368430.086501642
378.6,-0.951854788021816,-21.8381170463563,20.8862622583345,0.877824070096803,-1053388.88411616,-924690.117649578,-3.72292507897169,-1.321437120492,377731.189230728
378.7,-0.848302439818163,-21.8104377572534,20.9621353174352,0.90025387620718,-1080304.65144861,-972548.44995126,-3.81041174863773,-1.29254463774413,385658.709917368
378.8,-0.741845928709473,-21.7824446825564,21.040598753847,0.918085337843281,-1101702.40541193,-1011456.82507537,-3.88520614899014,-1.25975789053629,392188.557180673
378.9,-0.632873368112538,-21.7542252288732,21.1213518607607,0.930956733107814,-1117148.07972937,-1040016.52670253,-3.94701062409432,-1.22316603385707,397306.904060878
379,-0.521824640221791,-21.7258691519775,21.2040445117557,0.938554039546545,-1126264.84745585,-1057060.42217896,-3.99561265522723,-1.18289282510127,401010.575567159
379.1,-0.409189414474536,-21.6974684350508,21.2882790205762,0.940615943100081,-1128739.13172009,-1061710.02289686,-4.03089091349087,-1.139096670096,403307.26336413
379.2,-0.295504201593374,-21.6691171135892,21.3736129119958,0.936937691085393,-1124325.22930247,-1053422.68437171,-4.05282003288268,-1.09197005933978,404215.557902702
379.3,-0.181348444622632,-21.6409110442147,21.4595625995921,0.927373795488234,-1112848.55458588,-1032026.5878699,-4.06147388315394,-1.04173842273681,403764.791869924
379.4,-0.0673396685801144,-21.612947616518,21.5456079479379,0.911839650530894,-1094207.58063707,-997741.857936362,-4.05702714444524,-0.98865843472407,401994.692805785
379.5,0.0458722674425083,-21.5853254089595,21.6311976764021,0.890312173029037,-1068374.60763484,-951186.918532421,-4.03975502230015,-0.933015803160745,398954.84712998
379.6,0.157611747984081,-21.5581437916428,21.7157555396269,0.862829600411458,-1035395.52049375,-893369.903215433,-4.01003099239422,-0.875122576087661,394703.98262003
379.7,0.267184715911597,-21.5315024803343,21.7986871962459,0.829490586792538,-995388.704151043,-825665.560292913,-3.96832252808415,-0.815314001874913,389309.081516496
379.8,0.373886605905327,-21.5055010473598,21.8793876532651,0.790452722415765,-948543.266898916,-749778.607649392,-3.9151848382981,-0.753944981577949,382844.341775457
379.9,0.477010753889729,-21.4802383958915,21.9572491497813,0.745930569371492,-895116.683245788,-667694.897187452,-3.85125272477707,-0.691386158391539,375390.009355435
380,0.575857117003064,-21.455812204663,22.0316693216661,0.696193262563135,-835431.915075761,-581622.070605962,-3.77723075168621,-0.628019698337327,367031.109570398
380.1,0.669741119659175,-21.4323183503166,22.1020594699757,0.641561677048952,-769874.012458741,-493921.662549436,-3.69388200192617,-0.564234828617697,357856.11017189
380.2,0.758002427230135,-21.4098503144905,22.1678527417206,0.582405119367361,-698886.143240832,-407034.867678372,-3.60201576759295,-0.500423214741185,347955.552625307
380.3,0.840013441253305,-21.3884985824558,22.2285120237092,0.519137468932635,-622964.962719161,-323404.453979739,-3.50247458161083,-0.436974273393663,337420.690700549
380.4,0.915187309983022,-21.3683500397328,22.2835373497158,0.452212682026953,-542655.218432342,-245395.571743211,-3.39612103882374,-0.374270533513831,326342.176716578
380.5,0.982985256331929,-21.3494873727364,22.3324726290683,0.382119578710049,-458543.494452058,-175218.446920254,-3.28382487398403,-0.312683171295567,314808.835330583
380.6,1.04292304206236,-21.3319884792066,22.374911521269,0.309375862496682,-371251.034996017,-114856.109154679,-3.16645075865963,-0.252567853972533,302906.562497652
380.7,1.09457641222841,-21.3159258940103,22.4105023062387,0.234521371278339,-281425.645534006,-66000.3283035269,-3.04484724821002,-0.194261030451942,290717.383103255
380.8,1.13758539649763,-21.3013662358842,22.4389516323818,0.158110620474142,-189732.74456897,-29998.7619680618,-2.91983725450915,-0.138076802677662,278318.694865203
380.9,1.17165738272669,-21.2883696807982,22.4600270635249,0.080704768760341,-96845.7225124084,-7815.91164079207,-2.79221034261793,-0.0843044990266204,265782.718614458
381,1.19656892120116,-21.2769894678071,22.4735583890082,0.00286320506769508,-3435.84608123361,-9.83753191160834,-2.66271705434882,-0.0332070497069665,253176.166313846
381.1,1.21216626311723,-21.2672714434644,22.4794377065817,-0.0748649848934817,89837.9818721779,-6725.71915572148,-2.53206535420507,0.0149797656305886,240560.12858248
381.2,1.21836468184124,-21.2592536510127,22.4776183328539,-0.15194937024889,182339.244298667,-27706.333342841,-2.40091918007741,0.0600471649617615,227990.173562209
381.3,1.21514666787129,-21.2529659705593,22.4681126384306,-0.227886018856815,273463.222628177,-62318.4451084902,-2.26989896941022,0.101812315209375,215516.639239877
381.4,1.20255912602393,-21.248429816242,22.4509889422659,-0.302204507602083,362645.409122498,-109593.07729802,-2.13958392835479,0.140116443256543,203185.092386004
381.5,1.18070973424967,-21.2456578959197,22.4263676301694,-0.374473797423501,449368.5569082,-168276.749948132,-2.01051572320544,0.174822208317403,191036.919621194
381.6,1.14976264612285,-21.244654038187,22.3944166843099,-0.444306718490727,533168.062188871,-236890.152115197,-1.88320320562981,0.20581048081312,179110.010246108
381.7,1.10993373243273,-21.2454130904915,22.3553468229242,-0.511362877647814,613635.453177375,-313790.391163503,-1.75812773988955,0.232976710512766,167439.486740962
381.8,1.06148556095437,-21.2479208908725,22.3094064518269,-0.575349881843443,690419.85821213,-397232.983844716,-1.63574868373572,0.256227095519485,156058.437501553
381.9,1.00472230749371,-21.2521543143778,22.2568766218715,-0.63602286199909,763227.434398905,-485430.097182614,-1.51650858545664,0.275474781237426,144998.607529939
382,0.939984776322856,-21.2580813936221,22.198066169945,-0.693182375243618,831818.850292341,-576602.166418061,-1.40083769634396,0.290636322929709,134291.006382623
382.1,0.86764568528206,-21.2656615113036,22.1333071965857,-0.74667085311684,896005.023740205,-669020.835473073,-1.28915745765641,0.30162863589046,123966.398486682
382.2,0.788105341667688,-21.2748456608773,22.062951002545,-0.796367842935725,955641.411522868,-761042.089514517,-1.18188269963472,0.308366633571994,114055.648612097
382.3,0.701787801405455,-21.2855767700797,21.9873645714852,-0.842184353437442,1010621.22412493,-851129.382209808,-1.07942238184676,0.310761717195841,104589.904365063
382.4,0.609137567967121,-21.2977900806879,21.906927648655,-0.884056659569271,1060867.99148312,-937867.412794532,-0.982178803059484,0.308721232366765,95600.6074829692
382.5,0.510616851131449,-21.3114135768482,21.8220304279797,-0.921939941839716,1106327.93020766,-1019967.9076313,-0.890545308653171,0.302148951800577,87119.3358579151
382.6,0.406703371052732,-21.3263684535819,21.7330718246347,-0.955802131650739,1146962.55798088,-1096269.25784171,-0.8049026181936,0.290946581957985,79177.4879742972
382.7,0.297888662026764,-21.3425696167032,21.6404582787299,-0.985618306042681,1182741.96725121,-1165732.13424773,-0.725613979584124,0.275016229090999,71805.8302325472
382.8,0.184676804378903,-21.3599262053891,21.544603009768,-1.01136592571184,1213639.11085421,-1227433.24282916,-0.653019424521314,0.254263701076071,65033.9349330464
382.9,0.0675834931988071,-21.3783421290145,21.4459256222133,-1.03302114310406,1239625.37172487,-1280559.21852002,-0.587429449187142,0.228602469425916,58889.5421049675
383,-0.05286466007691,-21.3977166105773,21.3448519505004,-1.05055632827889,1260667.59393466,-1324402.31866417,-0.529118471943155,0.19795807461459,53397.8816092071
383.1,-0.176130702740071,-21.4179447300445,21.2418140273045,-1.06393887535285,1276726.65042342,-1358359.1165845,-0.478318425368843,0.162272730196229,48580.9928951756
383.2,-0.301667900564805,-21.4389179621742,21.1372500616094,-1.07313126820145,1287757.52184174,-1381932.86254999,-0.435212823846358,0.121509869102601,44457.0784736107
383.3,-0.428920382429379,-21.4605247047307,21.0316043223013,-1.07809230691827,1293710.76830192,-1394739.62668363,-0.399931611920218,0.0756583798416871,41039.9237550153
383.4,-0.557323956819069,-21.4826507944243,20.9253268376053,-1.07877933158933,1294535.1979072,-1396517.81551719,-0.372547045923286,0.0247363008004062,38338.4107010293
383.5,-0.686307169964881,-21.5051800092733,20.8188728393085,-1.07515123119897,1290181.47743876,-1387140.20393838,-0.353070795882109,-0.0312062239621081,36356.1461566373
383.6,-0.815292655452957,-21.5279945573308,20.7127019018778,-1.06717199528086,1280606.39433703,-1366627.28101408,-0.341452381180954,-0.0920848766555925,35091.2182629974
383.7,-0.943698804026539,-21.5509755527646,20.607276748738,-1.05481455489488,1265777.46587385,-1335160.4942617,-0.337578976891186,-0.157780078437706,34536.0865219972
383.8,-1.07094176140752,-21.5740034810739,20.5030617196664,-1.0380646666447,1245677.59997364,-1293093.90256341,-0.341276553065609,-0.228136914780773,34677.6034243489
383.9,-1.19643774254865,-21.5969586557401,20.4005209131915,-1.01692461636081,1220309.53963297,-1240962.81043269,-0.352312241315131,-0.302966043917798,35497.1585581107
384,-1.31960563382702,-21.6197216688338,20.3001160350067,-0.991416554319806,1189699.86518376,-1179488.14101523,-0.37039776564492,-0.38204550102822,36970.930210766
384.1,-1.43986984106344,-21.6421738380457,20.2023039969823,-0.961585317387973,1153902.38086556,-1109575.58713935,-0.395193730963179,-0.465123260926855,39070.2249969298
384.2,-1.55666333135816,-21.6641976523108,20.1075343209526,-0.927500640991336,1113000.7691896,-1032308.9268472,-0.426314534968373,-0.551920383337841,41761.8832022501
384.3,-1.66943081072177,-21.6856772176928,20.0162464069711,-0.889258711242009,1067110.45349041,-948937.266623757,-0.46333365820598,-0.642134539870778,45008.7264239339
384.4,-1.777631977217,-21.7064987045625,19.9288667273456,-0.846983051320882,1016379.66158506,-860856.347069796,-0.505789092742835,-0.735443712008083,48770.0246751802
384.5,-1.88074479043316,-21.7265507963759,19.8458060059427,-0.80082477351143,960989.728213714,-769584.381443558,-0.553188690824722,-0.831509855037439,53001.9622520866
384.6,-1.97826870201698,-21.7457251396241,19.7674564376071,-0.750962257171593,901154.708605909,-676733.174035502,-0.605015248791722,-0.929982343029111,57658.0850826187
384.7,-2.06972779798049,-21.76391679382,19.6941889958396,-0.697600332426972,837120.398912363,-583975.468562664,-0.66073118538838,-1.03050104268875,62689.7166538726
384.8,-2.15467381082993,-21.7810246797655,19.6263508689355,-0.640969059365774,769162.871238927,-493009.602077093,-0.71978272384643,-1.13269890632343,68046.3345599961
384.9,-2.23268896744436,-21.7969520238347,19.5642630563904,-0.58132219368696,697586.63242435,-405522.591447622,-0.781603539880564,-1.23620402268227,73675.9048206606
385,-2.30338864636705,-21.8116067956423,19.5082181492752,-0.518935423384128,622722.508060952,-323152.768371436,-0.845617889152225,-1.34064111513363,79525.1759891058
385.1,-2.36642382515381,-21.8249021362312,19.4584783110774,-0.454104448847902,544925.338617481,-247453.020556148,-0.911243274198623,-1.44563252551839,85539.9393366375
385.2,-2.42148330418526,-21.8367567738303,19.4152734696451,-0.387142962673884,464571.55520866,-179855.608257494,-0.977892749152897,-1.55079876532718,91665.2647656588
385.3,-2.46829569759233,-21.8470954242572,19.3787997266649,-0.318380567447515,382056.680937018,-121639.422873842,-1.0449769883377,-1.65575875038991,97845.7243453032
385.4,-2.50663118453323,-21.8558491731714,19.3492179886381,-0.248160651699817,297792.78203978,-73900.4508624933,-1.11190626037022,-1.76012985862289,104025.616355341
385.5,-2.53630301502652,-21.8629558375765,19.32665282255,-0.176838227707236,212205.873248683,-37526.1105343634,-1.17809245206199,-1.86352796109394,110149.202436745
385.6,-2.55716876406794,-21.8683603042044,19.3111915401365,-0.10477772113979,125733.265367748,-13174.0450166971,-1.24295127636278,-1.96556757432225,116160.96894925
385.7,-2.56913132613738,-21.8720148426518,19.3028835165144,-0.0323506926726188,38820.831207143,-1255.88077967789,-1.3059047770096,-2.0658622669554,122005.921082884
385.8,-2.57213963982962,-21.873879391368,19.3017397515383,0.0400665338808804,-48079.8406570569,-1926.3925646733,-1.36638421131262,-2.16402542834812,127629.914889771
385.9,-2.56618912966443,-21.8739218147744,19.30773268511,0.112095363387595,-134514.436065113,-15078.4445915963,-1.42383335417544,-2.25967147249256,132980.028474825
386,-2.55132184961642,-21.8721181299346,19.3207962803181,0.183357564271442,-220029.07712573,-40343.9956506671,-1.47771222396634,-2.35241751118215,138004.969419757
386.1,-2.52762631100693,-21.8684527012707,19.3408263902637,0.253478062189501,-304173.674627401,-77101.3536136135,-1.52750118738321,-2.44188548851821,142655.511430445
386.2,-2.49523697653028,-21.862918401845,19.3676814253147,0.322087897501044,-386505.477001252,-124488.736459972,-1.57270535910472,-2.52770472821793,146884.949492905
386.3,-2.4543334026858,-21.8555167396984,19.4011833370126,0.388827338168911,-466592.805802692,-181424.038689025,-1.61285917565475,-2.60951480876447,150649.559760111
386.4,-2.40513901500528,-21.8462579476739,19.4411189326686,0.45334912465262,-544018.949583143,-246630.514587956,-1.64753099394724,-2.68696865190163,153909.048179364
386.5,-2.34791950435065,-21.8351610350717,19.487241530721,0.515321807477902,-618386.16897348,-318667.878314749,-1.67632754525388,-2.75973568931884,156626.970650889
386.6,-2.28298083824223,-21.8222537993982,19.539272961156,0.574433122432203,-689319.746918642,-395968.094576651,-1.69889806600423,-2.82750496182636,158771.107354824
386.7,-2.21066688858381,-21.8075727964106,19.5969059078268,0.630393333635012,-756472.000362013,-476874.906109756,-1.71493792832852,-2.88998800528496,160313.774795761
386.8,-2.13135668608517,-21.7911632666361,19.6598065805509,0.682938461886036,-819526.154263241,-559685.931267916,-1.72419160533976,-2.94692138761944,161232.061024556
386.9,-2.04546132185147,-21.7730790165858,19.7276176947344,0.73183330542617,-878199.966511401,-642695.98431719,-1.72645482795706,-2.99806878026843,161507.972281439
387,-1.95342052762562,-21.753382253,19.7999617253744,0.776874153167159,-932248.98380059,-724240.139831028,-1.72157582021334,-3.04322247366843,161128.482791833
387.1,-1.8556989775743,-21.7321433686645,19.8764443910902,0.817891087054769,-981469.30446572,-802734.996340356,-1.7094555367047,-3.08220427768343,160085.48343473
387.2,-1.75278236578157,-21.7094406786479,19.9566583128663,0.854749770922083,-1025699.7251065,-876716.605069622,-1.69004686711843,-3.1148657818974,158375.629274103
387.3,-1.64517332420181,-21.6853601062116,20.0401867820098,0.887352628267018,-1064823.15392042,-944873.624270858,-1.66335281650793,-3.14108798498974,156000.090274917
387.4,-1.5333872551543,-21.6599948181577,20.1266075630034,0.915639321075558,-1098767.18529067,-1006074.43955965,-1.62942371406117,-3.16078033478142,152964.213704875
387.5,-1.41794815995469,-21.6334448099858,20.2154966500311,0.939586456257124,-1127503.74750855,-1059387.25053818,-1.58835354553683,-3.1738792490643,149277.110558262
387.6,-1.29938455044245,-21.6058164419226,20.3064318914801,0.959206465519811,-1151047.75862377,-1104092.45219401,-1.54027554349169,-3.18034621053184,144951.181663109
387.7,-1.17822553250844,-21.5772219276586,20.3989963951502,0.974545628528121,-1169454.75423374,-1139687.01849992,-1.48535720327982,-3.18016554604606,140001.601811809
387.8,-1.05499714986663,-21.5477787784507,20.492781628584,0.985681237713825,-1182817.48525659,-1165881.00285727,-1.42379492018448,-3.17334201064976,134445.78218552
387.9,-0.930219071972395,-21.5176092061097,20.5873901341373,0.992717935663668,-1191261.5227964,-1182586.679746,-1.35580846279958,-3.15989830020268,128302.832453202
388,-0.804401702030123,-21.4868394892693,20.6824377872392,0.995783291770955,-1194939.95012514,-1189901.23700423,-1.2816355089963,-3.1398726137432,121593.044177015
388.1,-0.678043769475472,-21.4555993081891,20.7775555387136,0.995022722603639,-1194027.26712436,-1188084.26219707,-1.20152647281867,-3.11331637843575,114337.416535084
388.2,-0.551630456362037,-21.4240210541612,20.8723905977992,0.990593898569737,-1188712.67828368,-1177531.52626031,-1.11573984302745,-3.08029223724981,106557.243894872
388.3,-0.425632089117659,-21.3922391203277,20.96660703121,0.98266081588992,-1179192.9790679,-1158746.73490253,-1.02453823661205,-3.04087238341577,98273.7824746907
388.4,-0.300503406742116,-21.3603891813374,21.0598857745953,0.971387745206161,-1165665.29424739,-1132312.98184405,-0.928185343586134,-2.99513730728987,89508.0102803805
388.5,-0.176683394458209,-21.3286074697511,21.1519240752928,0.956933293745808,-1148319.95249497,-1098865.59441504,-0.826943903308555,-2.94317500151026,80280.4907861205
388.6,-0.0545956490254014,-21.2970300573865,21.2424344083611,0.939444834200842,-1127333.80104101,-1059067.91580797,-0.721074808365832,-2.88508065005825,70611.3465549895
388.7,0.0653507805742493,-21.265792149874,21.3311429304482,0.919053557999654,-1102864.26959958,-1013591.33096619,-0.610837381094831,-2.82095680668849,60520.3443042424
388.8,0.182760154440196,-21.2350274025087,21.4177875569488,0.895870401587225,-1075044.48190467,-963100.531728065,-0.496490811948608,-2.75091404861551,50027.0879765591
388.9,0.297248500915362,-21.2048672650507,21.5021157659661,0.869983070602198,-1043979.68472264,-908244.651761313,-0.378296690386102,-2.67507207265287,39151.3113709955
389,0.408441884322933,-21.1754403624009,21.5838822467238,0.841454348325488,-1009745.21799058,-849654.504379045,-0.256522500456206,-2.59356118341042,27913.2570272451
389.1,0.515974602220226,-21.1468719170935,21.6628465193137,0.810321822437744,-972386.186925291,-787945.747102591,-0.131445897700315,-2.50652410685202,16334.1235713615
389.2,0.619487437934783,-21.1192832183127,21.7387706562475,0.776599100023494,-931918.92002819,-723727.394588759,-0.00335953452964555,-2.41411804771787,4436.55985476368
389.3,0.71862609304398,-21.0927911406881,21.8114172337321,0.74027850797036,-888334.20956443,-657614.723235385,0.127423839045946,-2.31651689632863,-7754.81881898603
389.4,0.813039917206488,-21.0675077145235,21.8805476317299,0.701335198337194,-841602.238004631,-590245.272512005,0.260566300640687,-2.21391347953517,-20212.9190724523
389.5,0.902381039468917,-21.0435397474196,21.9459207868885,0.659732500396874,-791679.000476246,-522296.366495892,0.395700021547504,-2.10652174260875,-32907.6898913345
389.6,0.986303986322774,-21.0209884955523,22.007292481875,0.615428287692417,-738513.945230898,-454502.372750423,0.532423185598614,-1.99457874433286,-45805.7019824789
389.7,1.06446584819118,-20.9999493812459,22.0644152294371,0.568382064380814,-682058.477256975,-387669.805331754,0.670296852355863,-1.87834634716198,-58869.8109109522
389.8,1.13652702881372,-20.9805117520337,22.1170387808474,0.518562424899011,-622274.909878811,-322688.38622057,0.808843018090391,-1.75811248873115,-72058.9254739418
389.9,1.20215258256763,-20.9627586751966,22.1649112577642,0.465954508540316,-559145.410248377,-260536.324834856,0.947544073374355,-1.63419193078699,-85327.8980743404
390,1.26101411470354,-20.946766760913,22.2077808756165,0.410567059038825,-492680.470846589,-202278.371961348,1.08584378710591,-1.50692639710355,-98627.5480556622
390.1,1.31279219047606,-20.9326060066784,22.2453981971545,0.352438710833516,-422926.453000219,-149055.653872789,1.22314986677251,-1.37668403316506,-111904.822323345
390.2,1.35717917290588,-20.9203396556231,22.277518828529,0.291643159145246,-349971.790974295,-102066.878731463,1.35883805810101,-1.24385814697551,-125103.090448347
390.3,1.39388238700628,-20.9100240617772,22.3039064487835,0.228292929672265,-273951.515606718,-62541.1940860149,1.49225765913101,-1.10886522148402,-138162.564225169
390.4,1.42262749210972,-20.9017085562003,22.32433604831,0.162541543249955,-195049.851899946,-31703.7039384925,1.62273823987018,-0.97214222353992,-151020.824768879
390.5,1.44316193449125,-20.895435309169,22.3385972436603,0.0945839671404758,-113500.76056857,-10735.3522080367,1.74959728485588,-0.834143270335182,-163613.434122019
390.6,1.45525835045096,-20.8912391852339,22.3464975356849,0.024655351941144,-29586.4223293729,-729.463655210011,1.8721484176479,-0.695335749932567,-175874.603418626
390.7,1.45871779557272,-20.8891475898232,22.3478653853959,-0.0469718358026103,56366.2029631327,-2647.62403040088,1.98970982823073,-0.556196025457609,-187737.886284598
390.8,1.4533726887092,-20.8891803080711,22.3425529967803,-0.119992068564708,143990.482277649,-17277.7158221251,2.10161251002406,-0.417204880506848,-199136.864629375
390.9,1.4390893785511,-20.8913493385485,22.3304387170996,-0.194072090127239,232886.508152687,-45196.7713996263,2.20720792463305,-0.278842884029672,-210005.794489581
391,1.41577026516922,-20.8956587264403,22.3114289916096,-0.268856942677335,322628.331212802,-86740.8667509647,2.30587474974133,-0.141585864375733,-220280.182186921
391.1,1.38335543704178,-20.9021044023025,22.2854598393443,-0.343976262173665,412771.514608397,-141983.602726759,2.3970244268577,-0.00590068280416212,-229897.265693754
391.2,1.34182381390099,-20.9106740337318,22.2524978476327,-0.41905040451479,502860.485417747,-210723.889828811,2.48010530729571,0.127758514432752,-238796.382557718
391.3,1.29119381521468,-20.9213468979865,22.2125407132012,-0.493695989359558,592435.187231469,-292482.875891655,2.55460529146218,0.258953409514483,-246919.21368736
391.4,1.23152360122991,-20.9340937837462,22.1656173849761,-0.567530507078806,681036.608494565,-386509.05175815,2.62005296164259,0.387263870681564,-254209.90129253
391.5,1.16291095636171,-20.9488769297706,22.1117878861323,-0.640175723193994,768210.867832791,-491789.947880343,2.67601731458657,0.512289477347602,-260615.048760648
391.6,1.08549290170962,-20.9656500072347,22.0511429089444,-0.711259726900463,853511.672280553,-607068.478932624,2.72210629967256,0.633650188255171,-266083.619623991
391.7,0.999445133427177,-20.9843581510383,21.9838032844655,-0.780417596798156,936501.116157786,-730861.95047065,2.75796445397778,0.750986185221199,-270566.76139936
391.8,0.904981385833199,-21.0049380435243,21.9099194293575,-0.847290787313594,1016748.94477631,-861482.013919786,2.78326999082279,0.863956983132673,-274017.587340769
391.9,0.802352812360184,-21.0273180519281,21.8296708642883,-0.911525462628481,1093830.55515417,-997054.402824077,2.79773173832565,0.972239952169053,-276390.9544776
392,0.691847464049541,-21.0514184186719,21.7432658827215,-0.972770110887538,1167324.13306504,-1135538.02636338,2.80108633599179,1.07552844670971,-277643.27925304
392.1,0.573789925225206,-21.0771515014903,21.6509414267155,-1.03067285105535,1236807.42126642,-1274743.83108307,2.79309607920816,1.17352977318125,-277732.432303737
392.2,0.448541140571759,-21.1044220584792,21.5529631990509,-1.08487889108115,1301854.66929738,-1412354.64997616,2.77354775464105,1.26596325283239,-276617.751267189
392.3,0.316498438861071,-21.1331275716598,21.4496260105208,-1.13502860459296,1362034.32551155,-1545947.91989309,2.74225273695001,1.35255864246821,-274260.204985681
392.4,0.178095728030428,-21.1631586016458,21.3412543296763,-1.18075666260408,1416907.99512489,-1673023.5555407,2.6990485237689,1.43305516490178,-270622.734299961
392.5,0.0338038063727737,-21.1943991655969,21.2282029719697,-1.2216925880903,1466031.10570835,-1791039.33575372,2.64380177792654,1.50720137084114,-265670.784181127
392.6,-0.115869292589633,-21.2267271308601,21.1108578382705,-1.25746299917987,1508955.59901584,-1897455.83316772,2.57641283080697,1.57475600597086,-259373.029790799
392.7,-0.270378026405652,-21.2600146175537,20.9896365911481,-1.2876956782887,1545234.81394644,-1989792.19186007,2.49682148654078,1.63548999327355,-251702.285881539
392.8,-0.429139261971677,-21.2941284047731,20.8649891428014,-1.31202545946193,1574430.55135431,-2065692.96753153,2.40501386129149,1.68918956458489,-242636.575546216
392.9,-0.59153251472916,-21.3289303370109,20.7373978222818,-1.3301017759213,1596122.13110556,-2123004.8811708,2.30102990254748,1.73566049148755,-232160.321545645
393,-0.756900637261559,-21.3642777296482,20.6073770923866,-1.3415975668325,1609917.080199,-2159860.83759707,2.18497116618373,1.77473327926574,-220265.612139408
393.1,-0.924551076456165,-21.4000237748226,20.4754726983664,-1.34621911899542,1615462.9427945,-2174767.09961857,2.05700838864359,1.80626910461094,-206953.484313299
393.2,-1.09375780060623,-21.4360179514322,20.3422601508259,-1.34371632663093,1612459.59195711,-2166688.27974542,1.91738838051702,1.83016620406606,-192235.161226913
393.3,-1.26376397251757,-21.4721064452844,20.2083424727669,-1.3338927992721,1600671.35912651,-2135123.99993993,1.76643978659922,1.84636636150066,-176133.178124294
393.4,-1.43378541333594,-21.5081325872572,20.0743471739213,-1.31661523894914,1579938.28673897,-2080170.82491973,1.60457730471129,1.85486110418893,-158682.332180991
393.5,-1.60301486633425,-21.5439373186254,19.9409224522911,-1.29182154404678,1550185.85285613,-2002563.48199607,1.43230402783082,1.85569720215778,-139930.396885755
393.6,-1.7706270324843,-21.5793596932748,19.8087326607905,-1.2595271745369,1511432.60944427,-1903690.44407627,1.25021166659845,1.84898107676458,-119938.550401708
393.7,-1.93578431259618,-21.6142374262811,19.6784531136849,-1.21982942372635,1463795.30847162,-1785580.58758627,1.05897851616142,1.83488176260297,-98781.4794924789
393.8,-2.09764315639444,-21.6484074972381,19.5507643408436,-1.17290937398882,1407491.24878658,-1650859.67950901,0.859365146111569,1.81363213059441,-76547.1353710211
393.9,-2.25536088914541,-21.6817068148108,19.4263459256654,-1.11903145516262,1342837.74619514,-1502677.67717203,0.652207908343638,1.78552816638338,-53336.1343752831
394,-2.40810286301895,-21.7139729463588,19.3058700833399,-1.05854066121944,1270248.79346332,-1344609.99774586,0.43841046859701,1.7509262020284,-29260.8136990236
394.1,-2.55504976445122,-21.7450449133008,19.1899951488496,-0.991857601708629,1190229.12205035,-1180537.80248063,0.218933667368491,1.71023811408936,-4443.96944117533
394.2,-2.69540490103266,-21.7747640493749,19.0793591483423,-0.919471660381322,1103365.99245758,-1014513.76109326,-0.00521590035351327,1.66392462008766,20982.6800787082
394.3,-2.82840129199339,-21.8029749153531,18.9745736233597,-0.841932598930214,1010319.11871625,-850620.601369659,-0.232998133752151,1.61248691991731,46880.2494394642
394.4,-2.95330839481005,-21.8295262603413,18.8762178655313,-0.759840977478055,911809.172973663,-692829.973265765,-0.463352010849563,1.55645703108484,73104.5931832673
394.5,-3.06943831599732,-21.8542720167894,18.7848337007921,-0.673837767485874,808605.320983047,-544868.804268415,-0.695208003101867,1.49638724924861,99508.2919332928
394.6,-3.17615137563127,-21.8770723139449,18.7009209383136,-0.584593512239033,701512.214686838,-410099.489462361,-0.927499827120055,1.43283922222078,125942.642420249
394.7,-3.27286092122234,-21.8977944928674,18.6249335716451,-0.49279735203898,591356.822446774,-291419.076211956,-1.15917508069515,1.36637315191848,152259.578271475
394.8,-3.35903731574999,-21.9163141053406,18.5572767895906,-0.399146183514165,478975.420216997,-191181.210976708,-1.38920437535557,1.29753763234901,178313.454476843
394.9,-3.43421105552031,-21.9325158790823,18.498304823562,-0.304334172613923,365201.007136707,-111143.146344721,-1.61658866472966,1.2268605925778,203962.638121258
395,-3.49797500460621,-21.946294632493,18.4483196278868,-0.209042795219874,250851.354263848,-52438.6682800057,-1.8403645725331,1.15484174414165,229070.860587681
395.1,-3.54998576269318,-21.9575561236545,18.4075703609613,-0.113931542413145,136717.850895772,-15576.4756279657,-2.05960764025963,1.08194683716965,253508.30113252
395.2,-3.58996421103855,-21.9662178202444,18.3762536092059,-0.0196294015924178,23555.2819109014,-462.376088251697,-2.27343353579479,1.00860391512049,277152.387544477
395.3,-3.61769530597424,-21.9722095792592,18.354514273285,0.0732727900728706,-87927.3480874453,-6442.6821180756,-2.48099738270703,0.935201632537837,299888.315496724
395.4,-3.63302721010887,-21.9754742277682,18.3424470176593,0.164229028884089,-197074.834660906,-32365.4087138531,-2.68149147824765,0.862089572399171,321609.303188789
395.5,-3.6358698674359,-21.9759680381907,18.3400981707548,0.252743773401496,-303292.528081796,-76655.2979918723,-2.8741417588643,0.789580378481059,342216.611033922
395.6,-3.62619313940517,-21.9736610936734,18.3474679542683,0.338376426226332,-406051.711471597,-137398.326990845,-3.05820343904972,0.717953412145647,361619.3667119
395.7,-3.60402462430615,-21.9685375409848,18.3645129166787,0.420744578328009,-504893.493993609,-212431.200230896,-3.23295628789703,0.647459559351923,379734.243302498
395.8,-3.56944728186933,-21.9605957299064,18.391148448037,0.499525935371503,-599431.122445802,-299431.392130529,-3.39770001508688,0.578326758062422,396485.042096852
395.9,-3.52259697885967,-21.9498482394256,18.4272512605659,0.574458866406563,-689350.639687875,-396003.587031736,-3.55175021373441,0.51076579196279,411802.231954725
396,-3.46366005989719,-21.9363217921666,18.4726617322695,0.645341548777325,-774409.858532788,-499758.857493978,-3.69443525348055,0.44497590457057,425622.493884983
396.1,-3.39287103134822,-21.9200570595197,18.5271860281715,0.712029728839499,-854435.674607396,-608383.601701499,-3.82509443757475,0.381149826988137,437888.313255217
396.2,-3.31051042571123,-21.9011083609224,18.5905979352111,0.774433173630003,-929319.808356003,-719696.088502366,-3.94307763853414,0.319477879077295,448547.653264586
396.3,-3.21690289056501,-21.8795432617691,18.6626403712041,0.832510949739205,-999013.139687043,-831689.377722805,-4.04774651577414,0.260150892062988,457553.732776016
396.4,-3.11241552116532,-21.8554420755209,18.7430265543556,0.886265726558822,-1063518.87187058,-942560.325687402,-4.13847730368041,0.203361803378573,464864.920133075
396.5,-2.99745643064065,-21.8288972767558,18.8314408461152,0.935737355295072,-1122884.82635408,-1050725.27771354,-4.21466504834357,0.149305883893151,470444.743054436
396.6,-2.87247352798651,-21.8000128331137,18.9275393051272,0.980996016146513,-1177195.21937581,-1154823.82043439,-4.27572907344598,0.0981796651755182,474262.00395015
396.7,-2.73795345319009,-21.768903465285,19.0309500120949,1.02213524824707,-1226562.29789648,-1253712.55885092,-4.32111937724158,0.0501787321687441,476290.980798689
396.8,-2.59442060217762,-21.7356938452814,19.1412732431038,1.05926517647825,-1271118.2117739,-1346451.25691941,-4.3503236081995,0.00549462755399333,476511.686681611
396.9,-2.44243616293986,-21.7005177441195,19.2580815811796,1.09250622452009,-1311007.46942411,-1432283.82073817,-4.36287423969631,-0.0356888273765739,474910.156630996
397,-2.28259707886867,-21.6635171406438,19.3809200617751,1.12198355569248,-1346380.26683097,-1510616.51909321,-4.35835556500119,-0.0731994580268847,471478.72882947
397.1,-2.11553485630403,-21.6248413034528,19.5093064471488,1.14782241608413,-1377386.89930095,-1580995.55863825,-4.33641016145991,-0.106880565821793,466216.288415446
397.2,-1.9419141403497,-21.5846458577085,19.6427317173588,1.17014447434456,-1404173.36921347,-1643085.70900693,-4.29674452408319,-0.136594341600563,459128.445969491
397.3,-1.76243099550881,-21.5430918480153,19.7806608525065,1.18906516712492,-1426878.2005499,-1696651.16600378,-4.23913363893543,-0.162224589767058,450227.628776112
397.4,-1.57781084454237,-21.5003448075702,19.9225339630278,1.20469197700689,-1445630.37240826,-1741539.31135772,-4.16342434987497,-0.183678556499743,439533.070591866
397.5,-1.38880603876495,-21.4565738424829,20.067767803718,1.2171234990631,-1460548.19887571,-1777667.53436592,-4.06953746170252,-0.200887736057508,427070.69421722
397.6,-1.19619305415597,-21.4119507386563,20.2157576845003,1.22644909988209,-1471738.91985851,-1805012.87352191,-3.95746861181042,-0.213807617287668,412872.889923057
397.7,-1.0007693285108,-21.3666490970027,20.3658797684919,1.23274894384013,-1479298.73260815,-1823603.95024674,-3.82728802445563,-0.222416420702436,396978.200987222
397.8,-0.803349773792142,-21.3208435012062,20.517493727414,1.23609415790804,-1483312.98948965,-1833514.52065726,-3.67913933098981,-0.226712957992405,379430.934582906
397.9,-0.604763013497628,-21.274708720818,20.6699457073204,1.23654692787941,-1483856.31345529,-1834857.96581761,-3.51323769105713,-0.22671381438114,360280.721479731
398,-0.405847406195544,-21.2284189513107,20.8225715451152,1.23416036251065,-1480992.43501278,-1827782.16047091,-3.32986748060043,-0.222450104789673,339582.051083919
398.1,-0.207446922779791,-21.1821470918716,20.9747001690918,1.22897802239543,-1474773.62687451,-1812464.37543716,-3.12937982078257,-0.213964083932221,317393.80906061
398.2,-0.0104069462958378,-21.1360640612222,21.1256571149264,1.22103308062659,-1465239.6967519,-1789106.14078134,-2.91219020760894,-0.201305896552612,293778.843156862
398.3,0.184429940309613,-21.0903381515939,21.2747680919035,1.21034715481314,-1452416.58577577,-1757928.28219712,-2.6787764667731,-0.184530737248501,268803.57908341
398.4,0.376228120750294,-21.0451344211222,21.4213625418725,1.19692891721689,-1436314.70066026,-1719166.59944399,-2.42967720522017,-0.163696651725381,242537.702797306
398.5,0.564163019142978,-21.0006141252622,21.5647771444052,1.18077264481617,-1416927.1737794,-1673068.8464954,-2.16549086459558,-0.138863156462211,215053.918775666
398.6,0.747425046218687,-20.9569341882738,21.7043592344925,1.16185690855339,-1394228.29026406,-1619893.77114387,-1.8868754075348,-0.110090786490082,186427.786493561
398.7,0.925223396135845,-20.9142467162655,21.8394701124014,1.14014361730865,-1368172.34077038,-1559912.96170759,-1.59454859160502,-0.0774416069430213,156737.629964236
398.8,1.09678968398557,-20.8726985536123,21.9694882375978,1.11557762583797,-1338693.15100556,-1493416.12712434,-1.28928871367012,-0.0409806492418749,126064.508495577
398.9,1.26138142399623,-20.8324308846836,22.0938123086798,1.08808708780713,-1305704.50536856,-1420720.21278313,-0.971935645184097,-0.00077816308168166,94492.2313187679
399,1.41828535544131,-20.7935788826682,22.2118642381095,1.05758468800554,-1269101.62560665,-1342182.44676454,-0.643391931282801,0.0430874839311157,62107.3948910453
399.1,1.56682062680015,-20.7562714068258,22.323092033626,1.02396982645659,-1228763.7917479,-1258217.04659224,-0.304623697223804,0.0905264718487268,28999.4197499878
399.2,1.70634184867447,-20.7206307487427,22.4269725974171,0.987131757359904,-1184558.10883188,-1169314.92766614,0.0433389030627049,0.1414339991544,-4739.43608434966
399.3,1.83624202257684,-20.686772427156,22.5230144497329,0.946953614220549,-1136344.33706466,-1076065.37698243,0.39940194921238,0.195686806858469,-39014.1080634548
399.4,1.95595534659025,-20.6548050297182,22.6107603763084,0.903317185837753,-1083980.6230053,-979178.325875803,0.762408947982305,0.253139993267499,-73726.8174716586
399.5,2.06495989094623,-20.6248300987917,22.6897899897379,0.856108252195348,-1027329.90263442,-879505.607372367,1.13114312891567,0.313624328712261,-108777.237007999
399.6,2.16278012786715,-20.5969420571167,22.7597221849839,0.805222249764036,-966266.699716842,-778059.445818066,1.50433094985422,0.376944237078166,-144062.735251928
399.7,2.24898929172482,-20.5712281680819,22.8202174598067,0.750570015778417,-900684.018934099,-676026.418302735,1.88064684875753,0.442876558097655,-179478.699148237
399.8,2.32321153879118,-20.5477685244654,22.8709800632566,0.69208336230469,-830500.034765626,-574775.256454756,2.25871920450668,0.511170145641247,-214918.927289926
399.9,2.38512387154907,-20.5266360589715,22.9117599305205,0.629720252978479,-755664.303574173,-475857.116413534,2.63713739897629,0.581546297557903,-250276.081110727
400,2.43445779138212,-20.5078965697181,22.9423543611002,0.563469395814762,-676163.274977713,-380997.312023823,3.01445981122415,0.653699956712716,-285442.176568186
